0 111 192 181 66
1 155 147 120 35
2 142 50 63 168
3 220 237 81 210
4 163 61 170 103
5 236 188 88 83
6 68 205 235 9
7 216 212 229 71
8 149 154 137 48
9 45 2 83 188
10 52 147 100 16
11 128 182 226 36
12 243 140 139 224
13 73 227 51 141
14 177 30 150 137
15 243 124 209 136
16 22 90 184 68
17 92 11 0 144
18 158 100 160 31
19 26 130 67 14
20 15 206 238 88
21 178 33 229 99
22 64 124 236 51
23 248 189 187 14
24 24 115 82 116
25 126 82 5 29
26 183 165 60 209
27 40 127 223 55
28 77 205 143 255
29 239 116 98 47
30 240 79 98 232
31 12 29 247 36
32 144 73 153 14
33 156 158 43 83
34 67 103 36 107
35 230 4 162 52
36 209 49 51 192
37 166 150 239 150
38 229 81 127 241
39 110 118 22 254
40 191 175 13 91
41 77 56 174 144
42 160 211 252 134
43 215 158 186 168
44 208 238 105 118
45 132 88 12 105
46 170 139 90 24
47 1 112 23 193
48 31 36 28 108
49 92 203 253 252
50 158 249 131 117
51 151 61 29 103
52 43 134 221 175
53 223 234 24 137
54 117 115 161 119
55 227 184 56 3
56 220 84 111 57
57 31 108 53 189
58 101 184 50 253
59 246 80 100 33
60 214 66 209 181
61 44 233 62 161
62 92 224 24 64
63 152 80 67 117
64 165 178 174 196
65 31 227 130 132
66 156 180 129 146
67 4 230 179 219
68 40 132 144 84
69 110 207 245 202
70 175 14 10 71
71 94 77 188 3
72 0 106 200 31
73 78 74 163 234
74 254 37 124 3
75 11 47 222 51
76 180 110 135 34
77 61 124 236 236
78 138 247 52 233
79 68 240 236 68
80 91 180 99 169
81 254 7 147 253
82 44 15 0 55
83 62 222 106 242
84 76 241 20 138
85 109 1 118 248
86 248 170 225 60
87 155 205 129 246
88 130 228 159 128
89 235 50 125 23
90 65 125 78 127
91 91 184 114 168
92 169 134 50 23
93 135 168 15 127
94 83 240 188 238
95 189 61 228 63
96 33 131 192 13
97 181 61 36 246
98 187 115 117 22
99 43 231 190 213
100 110 240 236 245
101 153 251 117 236
102 235 49 218 168
103 110 190 232 143
104 65 168 156 246
105 229 193 236 160
106 52 97 183 95
107 73 117 52 183
108 102 32 172 255
109 27 33 235 6
110 82 197 175 192
111 131 151 80 196
112 63 236 186 36
113 173 166 197 225
114 7 124 65 80
115 241 117 7 87
116 150 180 86 177
117 213 65 184 40
118 6 103 232 137
119 254 56 77 61
120 37 7 97 210
121 173 38 180 181
122 162 245 5 148
123 106 13 235 0
124 193 66 178 150
125 131 106 190 138
126 209 167 19 207
127 223 97 12 4
128 104 109 215 22
129 148 139 203 54
130 128 208 202 234
131 221 182 235 158
132 248 157 53 123
133 7 243 5 216
134 154 25 167 122
135 122 179 126 226
136 32 85 248 180
137 224 195 235 96
138 148 181 75 113
139 107 54 16 99
140 211 69 223 218
141 56 228 178 211
142 253 89 77 119
143 12 203 90 44
144 33 82 225 1
145 22 204 98 170
146 129 173 27 237
147 227 43 80 182
148 112 47 144 169
149 20 66 124 17
150 155 201 137 167
151 148 227 211 181
152 53 180 183 75
153 128 25 245 2
154 198 17 239 169
155 60 63 95 173
156 111 239 86 131
157 49 210 148 204
158 155 29 115 47
159 0 70 229 54
160 251 156 129 123
161 181 119 125 123
162 136 108 36 196
163 172 131 113 27
164 114 199 158 163
165 153 50 111 52
166 80 226 100 80
167 40 73 134 35
168 229 8 159 154
169 127 28 21 7
170 137 57 203 53
171 188 61 80 46
172 4 238 209 158
173 32 64 210 112
174 34 54 193 74
175 127 71 110 100
176 79 13 254 206
177 41 19 213 178
178 76 161 231 8
179 222 55 54 226
180 37 7 128 70
181 71 83 182 105
182 137 119 180 9
183 191 34 109 14
184 47 108 221 88
185 127 178 11 204
186 83 242 212 49
187 42 11 20 79
188 18 148 149 90
189 231 76 195 113
190 195 119 122 130
191 153 231 145 200
192 83 110 33 211
193 32 44 159 116
194 30 115 165 72
195 126 185 152 145
196 78 45 235 53
197 121 174 166 61
198 38 32 191 191
199 8 80 136 91
200 190 169 46 223
201 213 205 83 243
202 65 248 60 191
203 178 212 80 0
204 1 59 53 123
205 234 220 184 16
206 252 119 207 4
207 200 87 96 134
208 0 142 101 213
209 92 184 201 157
210 177 5 92 99
211 217 173 99 218
212 232 152 85 210
213 116 13 226 113
214 133 178 117 77
215 9 213 211 10
216 100 57 223 192
217 241 168 93 162
218 173 185 5 134
219 102 104 97 79
220 1 182 33 117
221 196 4 230 73
222 182 92 150 191
223 49 105 201 149
224 162 169 85 148
225 81 178 54 255
226 108 60 133 210
227 164 230 33 165
228 157 67 27 97
229 71 1 170 253
230 93 64 188 143
231 169 134 36 76
232 47 122 224 128
233 44 22 127 152
234 82 5 107 247
235 235 140 156 136
236 207 183 233 22
237 185 147 19 22
238 211 208 165 125
239 86 202 201 133
240 68 169 5 112
241 191 133 9 18
242 138 116 9 117
243 0 165 254 208
244 93 231 230 22
245 123 250 44 78
246 202 210 203 32
247 156 148 165 224
248 61 170 80 253
249 47 89 15 185
250 205 24 47 206
251 189 45 158 26
252 20 132 48 143
253 126 93 222 72
254 47 169 104 203
255 62 13 171 123
256 184 251 120 231
257 85 135 161 34
258 159 208 240 93
259 253 142 119 17
260 19 168 161 145
261 5 127 218 52
262 40 66 255 102
263 80 170 226 8
264 165 90 239 250
265 226 144 29 129
266 96 13 222 93
267 156 86 111 175
268 254 16 64 3
269 143 26 55 183
270 93 54 30 173
271 224 0 181 133
272 90 164 128 60
273 53 157 190 149
274 170 156 243 70
275 242 98 245 240
276 114 54 243 1
277 80 42 184 173
278 96 214 90 64
279 214 15 198 49
280 180 70 109 233
281 227 43 126 141
282 200 113 212 186
283 211 201 171 69
284 255 158 70 80
285 201 255 253 41
286 213 88 106 172
287 103 48 221 27
288 118 74 4 89
289 118 131 230 62
290 244 186 248 200
291 132 163 13 131
292 66 84 211 11
293 83 209 52 40
294 41 158 212 144
295 206 177 172 68
296 252 176 157 114
297 51 132 176 40
298 62 168 240 194
299 76 253 70 142
300 81 25 153 164
301 234 205 205 19
302 108 161 164 58
303 83 80 127 79
304 0 28 193 52
305 160 113 92 223
306 25 76 161 101
307 73 231 243 155
308 1 140 63 235
309 90 12 255 198
310 174 163 0 1
311 243 127 80 243
312 156 17 39 60
313 130 131 27 155
314 207 189 1 25
315 164 244 180 165
316 129 243 145 219
317 0 144 161 174
318 51 161 175 38
319 33 255 25 189
320 16 65 249 146
321 196 21 45 148
322 210 46 173 118
323 35 97 28 164
324 84 173 127 84
325 61 32 2 112
326 193 177 150 226
327 176 175 159 192
328 240 153 82 181
329 174 128 73 128
330 174 246 246 209
331 87 18 117 171
332 191 244 0 252
333 20 2 108 214
334 180 2 184 100
335 178 88 37 162
336 241 119 87 159
337 247 160 31 166
338 150 21 119 237
339 40 237 153 231
340 225 153 228 246
341 155 80 204 79
342 83 132 180 5
343 220 217 167 205
344 80 255 108 72
345 159 139 238 54
346 161 101 35 201
347 82 188 176 52
348 85 148 42 241
349 229 246 64 56
350 122 244 61 87
351 205 228 36 30
352 227 145 102 131
353 28 84 185 189
354 185 220 134 12
355 153 55 64 238
356 203 106 223 176
357 96 32 232 218
358 20 37 49 226
359 10 86 0 237
360 231 102 112 3
361 186 41 193 115
362 6 71 127 159
363 126 191 141 74
364 41 109 250 137
365 141 227 100 161
366 8 149 131 18
367 235 131 0 210
368 233 112 214 163
369 154 151 23 160
370 222 150 63 93
371 86 204 167 127
372 57 161 9 198
373 132 109 104 141
374 2 235 159 238
375 111 159 192 88
376 16 150 252 170
377 45 19 74 12
378 169 137 105 255
379 85 16 127 143
380 177 136 85 54
381 245 189 195 247
382 169 98 229 24
383 2 166 112 18
384 60 108 188 106
385 127 6 118 41
386 143 223 40 228
387 239 167 115 160
388 47 201 214 36
389 134 153 28 47
390 252 1 71 254
391 167 184 16 228
392 36 204 78 164
393 210 196 205 97
394 163 245 69 146
395 157 185 50 204
396 130 9 241 8
397 162 13 56 158
398 14 127 156 182
399 55 172 154 92
400 120 232 0 74
401 172 205 171 79
402 194 241 225 95
403 170 19 44 44
404 28 29 52 191
405 42 108 93 56
406 236 250 238 35
407 166 136 127 31
408 112 127 105 28
409 76 21 107 15
410 6 76 110 176
411 96 154 220 124
412 183 16 59 225
413 125 153 26 105
414 147 8 140 57
415 145 12 88 1
416 139 194 30 216
417 215 137 231 221
418 214 85 141 54
419 240 105 178 167
420 121 238 137 246
421 135 163 95 26
422 171 236 83 60
423 248 172 62 131
424 110 92 91 69
425 229 66 34 187
426 152 175 241 136
427 24 164 47 145
428 146 184 136 25
429 91 231 51 7
430 211 134 67 203
431 50 129 79 160
432 221 170 229 195
433 237 7 126 133
434 182 112 13 206
435 20 60 96 166
436 245 232 191 80
437 207 242 87 163
438 120 155 110 171
439 28 189 75 250
440 104 49 189 85
441 56 59 218 239
442 171 231 189 191
443 35 29 101 24
444 5 36 105 213
445 22 192 120 143
446 91 230 58 120
447 164 133 114 12
448 182 47 97 239
449 106 59 222 22
450 34 155 213 69
451 185 59 94 190
452 95 199 147 118
453 135 11 5 227
454 242 63 91 150
455 196 205 162 123
456 252 3 106 102
457 62 72 124 96
458 227 82 165 156
459 141 3 91 236
460 202 238 98 82
461 250 103 53 236
462 166 144 130 107
463 93 36 230 89
464 39 80 191 101
465 152 60 197 123
466 142 106 24 27
467 110 115 7 56
468 97 106 138 91
469 209 191 71 120
470 79 201 227 172
471 237 201 5 20
472 25 197 121 177
473 1 62 44 143
474 169 68 170 23
475 183 177 79 25
476 27 218 116 237
477 153 188 101 233
478 133 72 149 115
479 17 155 135 42
480 96 1 219 97
481 63 7 240 232
482 76 154 255 3
483 75 79 28 103
484 41 145 84 194
485 77 185 171 210
486 1 65 69 18
487 220 205 60 60
488 206 23 157 13
489 30 141 246 106
490 39 245 110 114
491 68 138 217 109
492 27 45 48 104
493 230 219 59 231
494 28 128 249 248
495 77 53 52 27
496 76 209 41 107
497 94 31 213 133
498 20 67 248 89
499 206 209 198 233
500 255 246 82 229
501 210 141 205 238
502 13 198 231 91
503 252 27 118 72
504 237 159 179 75
505 190 137 209 211
506 204 201 44 154
507 154 242 132 153
508 233 214 127 187
509 99 76 169 112
510 18 144 203 14
511 172 66 87 153
512 225 10 228 160
513 147 181 115 96
514 126 159 250 25
515 145 126 178 122
516 84 49 53 183
517 125 223 40 144
518 111 243 158 27
519 53 245 180 23
520 0 153 183 147
521 78 42 243 205
522 201 238 230 90
523 108 152 213 193
524 202 10 120 71
525 233 160 215 89
526 148 118 116 201
527 107 41 224 107
528 194 151 255 16
529 193 242 221 138
530 224 195 229 77
531 92 186 14 38
532 196 134 109 174
533 39 69 7 187
534 187 123 132 38
535 164 101 146 102
536 252 145 119 190
537 131 84 72 100
538 24 45 177 116
539 231 191 154 172
540 69 7 90 108
541 76 97 39 7
542 220 172 46 129
543 17 192 231 13
544 81 94 203 212
545 179 20 56 203
546 65 233 63 41
547 168 217 213 238
548 224 47 90 45
549 144 130 52 108
550 46 98 237 63
551 34 213 76 115
552 51 24 72 230
553 44 128 177 109
554 106 240 150 18
555 201 107 0 170
556 154 91 215 42
557 221 11 151 11
558 110 132 74 144
559 89 150 4 141
560 174 76 115 218
561 204 37 72 54
562 21 222 73 223
563 74 73 137 228
564 164 96 15 129
565 107 166 140 217
566 42 214 106 132
567 109 110 17 27
568 186 132 246 134
569 169 62 189 191
570 28 6 158 102
571 79 39 75 244
572 135 90 117 242
573 0 2 204 42
574 216 54 174 69
575 164 191 97 94
576 68 87 228 237
577 149 161 172 177
578 167 74 24 247
579 113 99 235 248
580 189 96 235 189
581 98 183 231 59
582 237 150 128 145
583 85 225 239 153
584 56 211 135 205
585 117 51 127 28
586 126 151 19 239
587 250 254 232 183
588 95 211 116 193
589 138 91 252 119
590 241 125 8 71
591 94 247 224 151
592 202 103 100 63
593 155 227 92 25
594 122 111 8 116
595 110 240 43 205
596 195 159 142 77
597 251 139 196 236
598 8 204 51 102
599 195 20 253 142
600 123 98 205 22
601 69 41 47 192
602 153 56 52 7
603 40 96 212 236
604 255 98 57 250
605 237 254 231 245
606 202 26 92 142
607 46 89 28 170
608 187 233 192 1
609 19 240 193 172
610 40 245 179 80
611 85 135 60 85
612 233 118 79 215
613 116 54 204 62
614 81 40 204 127
615 130 232 41 61
616 210 234 62 229
617 218 255 145 2
618 245 68 82 74
619 203 143 159 180
620 5 239 139 121
621 37 88 183 118
622 128 132 246 2
623 108 31 64 62
624 9 126 35 227
625 126 180 229 115
626 248 56 189 195
627 199 93 120 204
628 76 3 69 113
629 91 252 232 220
630 128 222 222 237
631 253 30 43 7
632 157 79 234 27
633 3 208 142 252
634 8 75 191 207
635 168 55 155 244
636 59 224 102 150
637 220 78 114 93
638 44 81 74 41
639 111 117 48 12
640 196 27 39 200
641 235 181 196 243
642 1 131 194 169
643 187 93 158 246
644 61 4 140 25
645 82 255 118 126
646 80 192 167 191
647 54 216 204 250
648 243 243 194 222
649 169 134 209 170
650 10 147 83 197
651 240 241 187 45
652 245 71 70 71
653 70 189 197 150
654 125 109 86 179
655 69 34 174 56
656 21 112 22 190
657 247 231 104 1
658 122 188 198 106
659 173 129 151 163
660 200 221 234 15
661 154 176 165 24
662 29 251 203 98
663 29 121 154 51
664 234 176 241 225
665 151 90 226 17
666 22 168 123 195
667 41 18 102 241
668 239 81 0 138
669 1 166 162 30
670 161 109 128 191
671 231 26 242 209
672 202 227 178 97
673 61 148 114 83
674 60 237 23 101
675 255 125 86 238
676 206 87 120 207
677 253 26 237 158
678 136 109 93 111
679 135 79 64 81
680 51 242 178 112
681 134 36 196 194
682 17 219 39 16
683 88 125 255 39
684 212 119 246 209
685 146 228 112 26
686 81 205 137 217
687 29 201 42 80
688 187 221 192 65
689 1 132 3 19
690 95 42 35 184
691 167 34 223 124
692 154 213 77 44
693 185 189 70 11
694 139 207 228 168
695 152 14 248 83
696 235 184 148 237
697 61 151 0 156
698 193 35 84 104
699 70 51 228 224
700 9 50 12 194
701 239 82 205 122
702 33 177 34 185
703 192 26 12 171
704 211 160 152 16
705 55 152 172 248
706 188 1 96 2
707 52 69 226 61
708 119 238 0 102
709 64 205 225 97
710 127 3 26 63
711 30 38 234 241
712 198 131 1 253
713 27 173 245 215
714 174 85 217 227
715 154 187 32 17
716 169 32 120 233
717 238 89 74 109
718 92 100 172 122
719 138 150 107 80
720 25 108 77 53
721 26 66 12 200
722 152 230 171 50
723 161 204 68 75
724 236 188 52 218
725 21 127 71 113
726 227 243 236 110
727 138 87 190 163
728 196 12 216 222
729 78 229 166 230
730 203 82 25 108
731 30 93 183 10
732 25 236 229 46
733 107 44 159 78
734 32 139 188 170
735 227 123 77 167
736 135 38 133 213
737 11 43 188 214
738 125 213 66 155
739 50 250 166 75
740 230 139 121 81
741 183 24 159 215
742 164 92 129 135
743 215 207 46 94
744 245 179 51 0
745 222 239 214 92
746 196 24 247 246
747 18 157 65 248
748 40 186 73 224
749 211 233 183 119
750 69 57 254 28
751 8 44 122 253
752 223 173 253 189
753 157 211 25 97
754 235 17 88 254
755 174 153 246 215
756 84 64 183 39
757 41 110 158 110
758 167 156 138 175
759 200 4 172 167
760 177 169 100 78
761 124 126 176 104
762 143 8 102 61
763 161 92 20 245
764 156 203 28 197
765 58 186 51 225
766 86 189 145 30
767 193 61 197 115
768 231 42 193 99
769 168 113 203 55
770 121 49 116 27
771 142 137 16 42
772 84 45 240 142
773 231 35 112 62
774 225 1 92 162
775 62 34 21 37
776 76 215 137 244
777 72 84 43 194
778 134 159 221 20
779 40 237 62 125
780 26 46 11 2
781 82 123 64 51
782 124 156 213 187
783 190 235 224 10
784 194 105 254 10
785 190 41 204 68
786 201 169 88 241
787 151 150 110 177
788 197 122 179 23
789 245 243 74 114
790 144 31 45 78
791 10 13 89 204
792 119 87 215 53
793 129 163 121 74
794 77 209 59 228
795 103 170 149 44
796 36 73 67 25
797 60 141 139 204
798 173 184 27 183
799 198 116 132 61
800 203 91 114 76
801 254 235 150 75
802 188 210 47 35
803 124 197 80 160
804 14 147 185 74
805 33 69 23 206
806 253 50 133 195
807 166 9 0 113
808 100 114 190 99
809 93 84 174 25
810 38 222 61 162
811 163 141 66 177
812 32 252 251 65
813 65 18 15 62
814 68 149 2 234
815 158 2 92 3
816 117 26 102 210
817 110 20 236 149
818 242 41 55 149
819 182 122 70 214
820 118 66 24 183
821 84 39 245 153
822 188 247 131 91
823 250 223 94 111
824 249 196 65 104
825 216 45 253 203
826 86 52 96 12
827 174 167 227 36
828 233 251 219 61
829 34 209 214 223
830 200 90 58 194
831 57 152 49 51
832 92 115 155 52
833 160 152 255 247
834 204 96 3 123
835 7 230 159 240
836 225 123 45 4
837 76 4 227 20
838 94 29 215 151
839 181 8 202 17
840 123 101 69 28
841 253 69 19 202
842 165 22 69 172
843 253 228 156 222
844 95 201 226 171
845 205 197 192 43
846 226 151 195 151
847 159 141 168 27
848 243 238 55 240
849 51 74 186 216
850 96 255 132 93
851 228 32 60 67
852 233 30 239 183
853 228 175 226 198
854 70 165 94 229
855 51 6 0 38
856 244 55 22 39
857 129 209 255 226
858 208 131 63 180
859 163 123 248 141
860 154 231 68 126
861 150 38 68 220
862 204 162 193 255
863 169 194 37 157
864 249 59 197 123
865 12 196 93 221
866 72 156 145 235
867 24 137 120 178
868 112 188 48 6
869 227 116 226 175
870 23 164 174 192
871 102 211 93 95
872 14 34 218 27
873 231 55 248 47
874 212 137 26 236
875 19 147 158 131
876 79 206 138 50
877 66 108 225 89
878 16 143 25 118
879 98 119 214 113
880 153 176 140 128
881 232 132 175 188
882 13 202 168 32
883 93 70 164 172
884 20 46 223 86
885 154 192 176 171
886 80 201 33 178
887 64 247 35 218
888 168 175 90 144
889 51 10 76 65
890 212 244 97 49
891 58 5 221 78
892 51 188 164 206
893 125 84 121 205
894 30 154 127 94
895 146 163 56 58
896 82 147 202 134
897 157 22 199 113
898 10 40 162 68
899 46 127 146 97
900 60 54 47 185
901 139 168 134 169
902 67 5 7 213
903 168 64 15 251
904 211 217 129 112
905 239 72 225 249
906 112 131 61 158
907 2 207 0 62
908 5 47 247 144
909 216 125 57 27
910 131 65 240 43
911 129 255 38 84
912 216 167 196 199
913 239 165 192 96
914 40 253 254 42
915 204 254 105 209
916 46 96 98 6
917 222 155 33 97
918 220 17 140 93
919 16 179 177 232
920 90 117 175 74
921 26 111 170 66
922 108 168 109 56
923 167 214 9 213
924 54 107 219 20
925 7 252 117 227
926 13 2 65 29
927 181 242 5 15
928 104 180 89 130
929 35 3 197 143
930 172 50 199 83
931 8 208 40 62
932 60 3 83 67
933 255 200 38 12
934 202 103 41 127
935 90 46 143 194
936 226 232 68 5
937 236 9 148 152
938 59 91 235 67
939 43 19 130 103
940 22 213 170 21
941 157 209 33 104
942 56 74 231 146
943 120 118 84 90
944 95 153 95 75
945 162 243 227 222
946 78 206 33 121
947 225 163 225 247
948 120 139 12 22
949 92 45 126 149
950 119 101 39 239
951 220 124 73 59
952 21 168 134 183
953 155 105 149 233
954 55 183 98 24
955 90 67 15 211
956 207 27 233 43
957 72 103 192 191
958 204 232 174 168
959 100 247 227 121
960 159 105 48 58
961 210 198 35 9
962 125 133 33 215
963 201 48 170 152
964 75 147 195 147
965 250 132 82 199
966 108 0 111 208
967 247 83 73 150
968 188 121 208 143
969 63 243 152 188
970 121 186 148 66
971 234 62 218 54
972 210 157 201 204
973 33 28 147 141
974 28 3 93 20
975 86 166 170 18
976 32 123 161 95
977 110 58 28 231
978 244 176 41 222
979 238 3 20 192
980 161 222 141 194
981 250 32 80 22
982 35 173 42 121
983 84 213 140 116
984 80 45 211 190
985 103 239 166 91
986 159 207 58 142
987 211 78 78 116
988 44 219 54 38
989 252 134 61 31
990 52 103 153 136
991 60 37 252 140
992 82 207 75 186
993 191 241 21 94
994 192 79 236 147
995 158 59 7 202
996 22 62 241 18
997 196 46 50 248
998 149 203 128 210
999 240 124 94 66
1000 76 169 252 11
1001 154 18 105 91
1002 97 86 238 255
1003 145 246 202 167
1004 52 187 186 248
1005 233 236 241 126
1006 183 113 80 167
1007 238 175 233 58
1008 88 230 69 243
1009 248 174 78 89
1010 4 60 89 149
1011 50 35 61 102
1012 222 247 95 199
1013 227 80 69 154
1014 193 150 65 175
1015 69 42 233 157
1016 16 46 144 8
1017 221 222 98 225
1018 27 187 119 77
1019 222 180 180 188
1020 171 19 131 142
1021 99 200 40 36
1022 94 105 212 163
1023 147 189 65 164
1024 236 209 172 201
1025 176 14 170 203
1026 201 33 24 167
1027 213 204 99 128
1028 223 230 14 66
1029 175 54 103 13
1030 159 59 177 51
1031 248 242 215 228
1032 195 131 173 115
1033 146 88 62 91
1034 121 87 3 79
1035 35 102 207 3
1036 77 222 69 252
1037 20 172 9 180
1038 231 186 231 224
1039 172 190 196 112
1040 65 114 227 211
1041 202 34 47 67
1042 121 50 146 156
1043 152 98 159 229
1044 64 229 225 84
1045 145 235 8 121
1046 165 239 89 82
1047 173 29 194 239
1048 143 165 194 89
1049 199 241 157 64
1050 35 47 221 188
1051 145 124 161 209
1052 97 131 38 243
1053 110 46 108 19
1054 30 197 101 203
1055 226 39 186 114
1056 205 125 203 148
1057 110 104 213 146
1058 152 178 78 41
1059 46 239 251 144
1060 114 33 131 224
1061 79 239 244 109
1062 180 89 57 150
1063 129 243 8 78
1064 112 212 226 223
1065 60 183 113 212
1066 105 191 254 152
1067 174 249 40 33
1068 26 171 1 105
1069 154 245 215 78
1070 79 16 228 208
1071 3 237 30 116
1072 193 0 83 253
1073 184 196 210 33
1074 131 208 185 49
1075 201 225 82 227
1076 140 84 76 38
1077 73 35 116 152
1078 51 89 104 55
1079 70 134 171 7
1080 135 254 4 63
1081 194 214 96 69
1082 166 26 118 111
1083 251 201 82 136
1084 29 159 174 102
1085 194 35 255 246
1086 124 103 45 194
1087 238 216 201 117
1088 214 205 180 152
1089 164 20 221 74
1090 46 83 186 42
1091 28 12 178 57
1092 171 96 160 110
1093 131 159 100 255
1094 6 145 193 244
1095 105 138 105 63
1096 88 29 215 252
1097 50 180 70 96
1098 7 0 138 36
1099 13 60 93 184
1100 157 253 38 32
1101 156 138 32 163
1102 27 225 151 132
1103 108 1 195 196
1104 30 154 192 80
1105 78 6 177 86
1106 7 59 122 20
1107 120 215 204 21
1108 213 243 53 113
1109 125 85 20 153
1110 55 172 29 163
1111 173 225 103 203
1112 123 39 28 202
1113 45 205 32 52
1114 8 154 72 128
1115 113 21 149 70
1116 8 203 184 133
1117 32 204 30 87
1118 120 60 250 37
1119 29 97 241 152
1120 136 13 98 182
1121 218 130 234 226
1122 28 51 99 142
1123 72 248 212 80
1124 195 140 213 228
1125 89 244 59 209
1126 48 54 247 77
1127 151 232 229 32
1128 245 72 214 207
1129 202 192 177 231
1130 243 20 117 59
1131 13 73 139 208
1132 214 97 180 47
1133 85 240 0 133
1134 38 247 210 189
1135 223 183 221 212
1136 255 179 163 202
1137 116 85 177 103
1138 105 38 163 118
1139 111 46 71 69
1140 143 251 116 228
1141 235 117 105 17
1142 108 59 207 76
1143 243 172 32 242
1144 96 196 188 212
1145 25 109 59 130
1146 147 222 249 3
1147 13 64 72 156
1148 59 189 129 39
1149 50 234 56 158
1150 38 7 234 25
1151 180 11 11 20
1152 207 200 232 232
1153 53 35 106 201
1154 2 99 204 15
1155 163 20 171 223
1156 209 44 6 3
1157 23 62 162 61
1158 70 140 86 250
1159 151 97 14 102
1160 41 246 78 95
1161 25 185 40 27
1162 28 244 42 192
1163 8 214 159 218
1164 2 165 221 25
1165 227 127 86 41
1166 12 172 35 163
1167 14 49 10 55
1168 39 88 150 65
1169 17 190 92 46
1170 178 135 238 187
1171 93 141 149 95
1172 50 114 121 21
1173 242 207 63 254
1174 124 98 161 138
1175 148 171 193 187
1176 4 88 252 21
1177 22 89 67 201
1178 224 49 132 61
1179 190 25 156 240
1180 139 21 6 125
1181 229 69 123 97
1182 167 29 235 59
1183 200 172 247 204
1184 4 243 226 27
1185 76 37 228 44
1186 87 104 105 21
1187 129 6 6 12
1188 27 12 138 0
1189 81 5 97 248
1190 34 76 52 235
1191 249 43 183 253
1192 30 153 24 107
1193 191 252 151 22
1194 100 1 43 229
1195 7 49 242 34
1196 61 124 35 142
1197 129 132 135 164
1198 209 187 143 202
1199 230 70 199 4
1200 224 224 111 159
1201 220 7 181 65
1202 8 224 38 15
1203 18 24 49 79
1204 148 84 222 22
1205 217 101 186 170
1206 32 73 116 6
1207 143 59 10 111
1208 27 122 14 248
1209 129 195 57 137
1210 164 95 152 182
1211 120 201 5 12
1212 30 227 34 247
1213 72 220 161 104
1214 37 21 110 181
1215 80 121 36 108
1216 243 51 100 116
1217 246 157 253 154
1218 252 149 80 116
1219 94 86 129 124
1220 57 163 115 130
1221 128 20 234 165
1222 41 89 90 122
1223 210 127 230 197
1224 178 74 57 168
1225 231 54 67 227
1226 203 147 88 41
1227 233 217 166 35
1228 124 25 165 252
1229 46 143 162 87
1230 232 252 209 186
1231 123 183 127 45
1232 1 184 214 232
1233 238 25 204 185
1234 172 36 227 150
1235 253 137 185 121
1236 162 94 118 208
1237 237 24 40 214
1238 20 249 144 144
1239 177 16 189 178
1240 200 147 155 183
1241 172 103 112 89
1242 139 83 239 136
1243 220 168 1 127
1244 6 119 79 243
1245 143 119 201 164
1246 113 90 52 34
1247 106 241 212 50
1248 133 111 233 49
1249 214 90 138 97
1250 173 121 233 138
1251 33 235 9 39
1252 98 88 27 242
1253 208 228 150 65
1254 62 202 99 168
1255 187 55 219 64
1256 167 196 114 125
1257 30 252 223 204
1258 118 200 86 151
1259 179 95 191 22
1260 183 218 8 135
1261 190 158 200 253
1262 104 43 165 35
1263 99 128 100 10
1264 69 214 135 99
1265 210 102 47 72
1266 47 133 224 226
1267 228 159 248 156
1268 121 0 35 55
1269 158 236 52 6
1270 23 218 42 122
1271 90 142 132 159
1272 100 12 3 54
1273 114 50 127 161
1274 184 95 132 156
1275 254 124 56 119
1276 125 92 174 27
1277 72 227 34 95
1278 189 76 218 23
1279 218 94 183 62
1280 106 186 116 221
1281 236 243 126 164
1282 82 2 65 80
1283 127 121 199 252
1284 213 118 23 29
1285 89 57 125 22
1286 133 87 45 95
1287 181 228 157 32
1288 158 18 253 139
1289 5 123 47 88
1290 126 112 168 253
1291 234 112 249 191
1292 230 16 221 63
1293 74 90 85 207
1294 177 130 47 102
1295 103 204 134 5
1296 222 131 144 228
1297 255 192 60 125
1298 48 228 122 26
1299 84 115 218 58
1300 131 183 121 205
1301 17 206 157 194
1302 81 204 40 184
1303 152 175 189 119
1304 50 78 91 49
1305 14 151 174 62
1306 123 40 89 208
1307 155 51 10 31
1308 234 132 236 251
1309 82 137 189 163
1310 85 229 91 238
1311 148 25 101 199
1312 103 192 248 117
1313 87 167 179 210
1314 207 12 162 107
1315 63 173 138 41
1316 49 118 36 131
1317 0 225 39 85
1318 199 130 67 91
1319 155 168 34 2
1320 104 27 119 191
1321 194 43 146 145
1322 55 52 252 119
1323 225 134 160 18
1324 253 197 150 253
1325 166 189 82 109
1326 63 150 201 219
1327 62 235 221 167
1328 6 85 102 200
1329 128 248 90 183
1330 45 86 46 14
1331 221 207 33 218
1332 148 183 215 58
1333 116 41 168 179
1334 191 113 142 254
1335 92 108 165 99
1336 193 11 43 65
1337 4 133 248 49
1338 220 39 63 185
1339 246 96 147 138
1340 23 106 196 139
1341 147 108 63 83
1342 221 205 81 58
1343 57 246 157 250
1344 1 200 59 5
1345 78 52 54 42
1346 91 118 227 81
1347 214 118 219 238
1348 224 159 121 115
1349 12 184 198 233
1350 134 23 35 191
1351 13 192 186 15
1352 137 245 20 215
1353 41 75 1 132
1354 193 228 213 151
1355 90 176 133 58
1356 80 255 173 92
1357 183 116 69 61
1358 139 105 253 153
1359 41 183 168 178
1360 172 188 137 214
1361 7 138 90 200
1362 110 48 96 200
1363 224 229 2 48
1364 228 176 140 156
1365 36 210 217 175
1366 59 214 72 100
1367 141 240 23 58
1368 173 160 16 180
1369 43 106 125 153
1370 154 221 98 123
1371 194 100 171 167
1372 20 56 67 56
1373 10 28 232 69
1374 243 48 169 128
1375 33 192 186 206
1376 97 202 130 140
1377 53 255 37 207
1378 220 135 74 159
1379 236 246 70 0
1380 46 137 57 56
1381 165 33 125 152
1382 81 38 25 114
1383 231 211 64 72
1384 158 195 212 211
1385 194 249 162 159
1386 129 237 62 109
1387 227 132 109 17
1388 13 166 73 178
1389 199 198 75 25
1390 236 100 139 211
1391 55 204 27 213
1392 143 239 168 81
1393 233 75 240 106
1394 56 46 215 27
1395 178 68 44 191
1396 235 117 114 178
1397 59 189 203 39
1398 33 87 251 88
1399 35 22 46 178
1400 6 214 3 239
1401 33 244 89 89
1402 34 48 116 213
1403 116 160 148 95
1404 21 6 18 80
1405 195 221 120 228
1406 52 115 61 87
1407 137 107 9 143
1408 65 13 126 99
1409 1 215 188 35
1410 7 49 248 124
1411 209 141 219 231
1412 147 237 55 87
1413 203 175 59 255
1414 34 120 87 172
1415 227 96 59 37
1416 109 186 136 110
1417 145 68 146 153
1418 117 138 21 71
1419 23 240 46 171
1420 222 101 2 169
1421 21 61 168 55
1422 182 255 227 153
1423 96 31 190 205
1424 217 70 60 106
1425 139 206 3 0
1426 88 24 71 112
1427 9 117 27 231
1428 219 29 144 240
1429 90 56 39 16
1430 56 11 170 152
1431 42 104 101 3
1432 175 161 109 58
1433 111 113 58 200
1434 137 130 56 146
1435 247 83 121 210
1436 112 9 194 202
1437 66 234 219 122
1438 245 133 18 31
1439 237 119 34 156
1440 25 143 214 136
1441 0 17 80 138
1442 147 136 28 138
1443 219 150 93 75
1444 159 31 22 225
1445 9 241 91 254
1446 118 109 29 99
1447 229 63 0 254
1448 207 214 134 207
1449 231 215 89 122
1450 95 118 5 59
1451 12 98 134 171
1452 129 156 141 139
1453 141 232 137 3
1454 86 167 103 59
1455 230 103 57 181
1456 61 191 133 37
1457 150 222 159 246
1458 84 164 49 96
1459 6 183 12 136
1460 84 153 19 225
1461 129 156 229 215
1462 67 76 18 42
1463 179 75 223 240
1464 11 100 21 161
1465 67 181 151 151
1466 89 200 248 96
1467 128 4 232 212
1468 157 251 181 30
1469 151 154 246 219
1470 230 8 5 153
1471 84 228 138 95
1472 73 159 0 140
1473 84 152 35 174
1474 96 27 14 224
1475 31 246 180 188
1476 241 106 219 136
1477 4 209 99 235
1478 217 104 132 45
1479 77 14 140 150
1480 174 141 34 2
1481 37 69 176 133
1482 97 190 102 128
1483 180 26 61 165
1484 132 24 46 137
1485 233 145 116 194
1486 250 248 240 71
1487 7 124 221 181
1488 9 255 183 46
1489 68 104 180 165
1490 38 26 38 219
1491 52 99 128 185
1492 123 174 66 100
1493 64 182 38 58
1494 174 22 129 181
1495 147 94 106 156
1496 93 34 203 161
1497 138 127 71 176
1498 153 109 139 205
1499 208 12 134 75
1500 186 200 175 250
1501 126 213 52 45
1502 236 181 226 127
1503 19 77 27 112
1504 111 230 18 249
1505 101 89 169 254
1506 198 53 204 150
1507 65 82 225 251
1508 27 144 246 153
1509 101 42 198 81
1510 224 169 208 243
1511 246 236 100 101
1512 210 118 94 56
1513 207 7 54 149
1514 60 2 43 125
1515 85 12 121 112
1516 156 111 9 1
1517 153 208 83 121
1518 121 35 109 111
1519 15 209 212 226
1520 71 50 26 22
1521 57 80 171 118
1522 83 214 243 168
1523 226 108 24 126
1524 219 33 127 117
1525 241 210 238 106
1526 246 91 217 5
1527 44 173 231 115
1528 223 1 137 25
1529 82 52 143 165
1530 10 130 77 236
1531 239 101 106 202
1532 134 234 63 120
1533 188 46 226 178
1534 137 188 184 182
1535 105 159 41 73
1536 161 179 98 243
1537 231 241 152 242
1538 115 229 222 98
1539 74 73 45 208
1540 51 108 72 239
1541 154 43 162 36
1542 231 90 218 80
1543 249 3 153 154
1544 182 251 141 158
1545 236 37 144 96
1546 10 110 194 84
1547 183 239 37 234
1548 92 109 218 246
1549 152 124 26 127
1550 214 244 208 207
1551 248 105 106 174
1552 101 247 76 81
1553 29 220 177 39
1554 75 116 124 2
1555 99 161 237 191
1556 14 199 182 167
1557 67 208 38 25
1558 197 246 232 189
1559 96 82 107 197
1560 74 184 22 103
1561 148 200 142 223
1562 60 10 226 159
1563 171 207 95 186
1564 150 21 97 217
1565 229 135 242 170
1566 126 218 103 222
1567 45 211 163 119
1568 139 185 222 31
1569 129 108 255 189
1570 119 225 93 34
1571 176 188 220 70
1572 209 61 31 182
1573 197 17 97 67
1574 235 200 33 24
1575 155 196 143 38
1576 125 109 70 255
1577 218 69 188 81
1578 38 25 115 214
1579 213 80 28 166
1580 141 59 93 82
1581 76 190 149 55
1582 134 182 80 34
1583 122 223 72 248
1584 77 142 247 39
1585 211 179 120 249
1586 205 235 207 162
1587 59 235 73 201
1588 38 166 27 114
1589 100 177 170 234
1590 103 250 12 226
1591 217 85 218 38
1592 227 209 77 183
1593 132 197 176 81
1594 177 128 244 236
1595 107 61 181 146
1596 227 209 4 71
1597 130 174 49 233
1598 168 62 203 130
1599 147 165 168 118
1600 118 246 45 251
1601 187 222 76 108
1602 94 64 89 201
1603 125 14 91 96
1604 223 96 167 97
1605 14 217 75 183
1606 23 22 57 170
1607 188 225 32 50
1608 215 78 45 147
1609 44 122 255 138
1610 186 88 83 56
1611 103 175 152 70
1612 15 64 168 29
1613 25 243 212 48
1614 9 13 218 197
1615 239 250 248 198
1616 72 37 89 116
1617 159 89 254 90
1618 177 82 146 24
1619 1 42 95 16
1620 106 7 45 131
1621 250 2 179 3
1622 15 141 201 254
1623 136 193 197 208
1624 230 30 69 134
1625 119 67 224 41
1626 149 114 65 150
1627 156 160 166 7
1628 167 212 138 161
1629 214 62 165 229
1630 203 110 228 83
1631 47 169 36 21
1632 199 105 155 63
1633 172 123 104 66
1634 237 169 216 138
1635 74 127 145 241
1636 83 27 147 41
1637 89 56 14 37
1638 166 242 120 213
1639 155 156 234 99
1640 5 134 162 178
1641 1 10 244 239
1642 179 204 121 253
1643 75 10 239 158
1644 37 130 199 127
1645 186 214 164 96
1646 200 28 53 100
1647 185 31 199 190
1648 165 105 112 167
1649 115 100 150 38
1650 49 15 36 124
1651 25 19 27 62
1652 149 226 189 79
1653 184 97 175 129
1654 126 228 229 55
1655 3 172 245 169
1656 21 102 80 136
1657 202 230 174 251
1658 245 210 120 14
1659 229 147 76 122
1660 117 10 201 46
1661 107 120 175 233
1662 92 148 32 96
1663 64 22 9 85
1664 124 89 221 70
1665 63 139 66 52
1666 94 186 66 67
1667 77 142 190 194
1668 152 135 240 4
1669 0 159 237 92
1670 51 14 188 115
1671 36 197 200 160
1672 30 165 230 93
1673 49 40 145 143
1674 226 211 210 47
1675 98 144 242 250
1676 24 226 254 24
1677 130 236 116 181
1678 250 49 41 30
1679 246 241 190 21
1680 151 164 114 200
1681 205 4 87 175
1682 215 41 223 57
1683 186 209 52 210
1684 179 50 234 53
1685 30 94 235 24
1686 143 20 54 134
1687 5 244 155 156
1688 153 13 100 102
1689 17 187 21 233
1690 229 244 34 159
1691 197 86 113 121
1692 137 91 174 167
1693 185 153 192 73
1694 173 246 207 179
1695 235 106 79 132
1696 119 180 234 137
1697 111 255 114 84
1698 244 148 243 185
1699 235 100 50 116
1700 191 225 27 121
1701 122 219 194 40
1702 210 145 219 189
1703 251 42 65 114
1704 222 43 251 78
1705 42 109 162 30
1706 2 150 216 237
1707 250 10 97 186
1708 235 124 51 102
1709 88 245 142 42
1710 134 105 231 129
1711 147 40 243 114
1712 83 239 192 125
1713 92 98 156 94
1714 248 116 75 243
1715 126 172 173 106
1716 41 224 208 129
1717 213 94 171 91
1718 199 146 220 90
1719 186 207 204 13
1720 190 140 138 27
1721 239 38 121 231
1722 154 197 218 25
1723 113 135 131 154
1724 103 83 27 60
1725 177 198 151 120
1726 88 115 210 18
1727 67 159 31 1
1728 43 170 28 26
1729 208 150 2 107
1730 91 220 132 204
1731 100 7 103 203
1732 90 130 8 11
1733 73 159 131 161
1734 19 85 180 86
1735 244 211 87 32
1736 125 116 58 78
1737 10 60 185 101
1738 25 61 49 125
1739 68 152 72 158
1740 27 80 169 100
1741 240 44 5 3
1742 129 185 89 118
1743 141 176 150 10
1744 36 208 88 46
1745 13 17 147 38
1746 78 197 163 146
1747 93 235 48 120
1748 60 217 220 44
1749 5 226 47 135
1750 155 136 253 40
1751 56 147 51 93
1752 99 139 139 112
1753 157 31 150 235
1754 228 57 126 65
1755 37 174 186 97
1756 136 150 141 141
1757 120 188 20 20
1758 68 17 60 124
1759 164 111 217 8
1760 251 101 120 152
1761 132 15 131 104
1762 72 1 169 109
1763 176 99 206 56
1764 250 91 197 114
1765 23 218 134 91
1766 235 195 216 144
1767 50 177 152 45
1768 22 16 197 154
1769 31 73 2 104
1770 74 172 213 250
1771 15 164 50 9
1772 255 248 124 23
1773 210 2 114 189
1774 197 74 77 248
1775 252 229 37 18
1776 246 235 173 21
1777 52 175 125 126
1778 91 83 121 107
1779 247 171 116 246
1780 163 240 13 117
1781 243 128 51 184
1782 202 128 176 198
1783 102 214 217 92
1784 193 134 113 245
1785 53 239 115 145
1786 66 236 252 57
1787 152 112 47 59
1788 97 61 177 84
1789 189 228 12 135
1790 100 189 78 202
1791 147 39 38 84
1792 173 152 73 226
1793 135 188 115 201
1794 169 111 2 65
1795 224 49 124 65
1796 110 45 149 43
1797 17 161 179 118
1798 94 1 64 241
1799 40 103 69 213
1800 255 142 183 134
1801 75 43 79 244
1802 154 81 53 122
1803 130 177 187 241
1804 223 80 28 240
1805 242 207 102 80
1806 208 167 66 248
1807 14 135 205 13
1808 22 133 147 97
1809 176 226 85 74
1810 51 138 197 181
1811 59 128 166 26
1812 209 195 11 195
1813 146 113 19 99
1814 24 85 91 38
1815 221 41 51 243
1816 174 198 84 94
1817 168 169 168 219
1818 51 109 145 110
1819 238 55 137 191
1820 250 148 130 141
1821 5 149 240 30
1822 235 75 68 200
1823 116 120 187 34
1824 62 15 128 231
1825 184 41 194 235
1826 150 83 89 132
1827 139 226 67 133
1828 118 197 18 124
1829 91 2 154 70
1830 78 222 14 194
1831 86 201 229 149
1832 216 101 124 144
1833 142 62 123 37
1834 146 212 169 29
1835 183 237 162 45
1836 178 181 169 13
1837 183 67 83 5
1838 34 97 200 120
1839 42 173 13 2
1840 18 137 146 161
1841 200 13 198 90
1842 226 111 119 153
1843 92 25 198 15
1844 206 112 28 134
1845 179 112 139 213
1846 209 83 78 252
1847 0 91 254 19
1848 229 145 180 173
1849 158 122 7 128
1850 233 126 25 70
1851 151 224 85 102
1852 80 113 236 3
1853 225 119 217 179
1854 203 39 175 203
1855 130 173 222 103
1856 62 146 20 221
1857 12 27 93 246
1858 153 119 60 49
1859 87 145 151 167
1860 2 131 170 228
1861 250 131 151 197
1862 170 70 145 45
1863 243 111 148 50
1864 2 169 15 14
1865 196 108 4 94
1866 227 64 143 58
1867 209 38 225 212
1868 169 140 184 163
1869 15 79 105 186
1870 149 250 231 136
1871 105 123 186 107
1872 36 201 122 233
1873 54 126 71 25
1874 191 214 84 144
1875 252 53 100 165
1876 193 28 72 209
1877 107 177 139 0
1878 171 114 137 21
1879 237 67 128 18
1880 13 250 251 67
1881 121 66 92 56
1882 24 176 200 20
1883 230 45 185 167
1884 73 1 120 181
1885 179 3 181 94
1886 117 62 115 99
1887 130 244 117 143
1888 238 112 210 103
1889 178 46 159 202
1890 223 104 222 197
1891 149 151 108 222
1892 152 229 147 75
1893 232 73 170 94
1894 135 29 193 9
1895 17 54 152 0
1896 166 106 103 88
1897 153 7 34 120
1898 111 0 61 4
1899 151 169 226 47
1900 142 118 123 119
1901 191 37 213 70
1902 66 150 80 84
1903 204 232 84 114
1904 83 187 202 236
1905 194 236 100 49
1906 236 161 53 131
1907 74 24 178 217
1908 142 45 80 77
1909 82 37 147 149
1910 187 227 233 135
1911 204 61 249 31
1912 248 195 11 187
1913 175 111 236 155
1914 16 34 30 90
1915 58 208 51 200
1916 254 131 21 80
1917 168 168 229 99
1918 140 206 234 88
1919 11 227 119 4
1920 166 130 191 85
1921 241 171 240 1
1922 205 14 91 7
1923 223 143 207 221
1924 18 228 45 187
1925 141 19 30 25
1926 225 9 113 237
1927 236 232 241 147
1928 106 176 232 91
1929 91 217 92 41
1930 231 183 48 198
1931 70 0 163 89
1932 228 209 20 113
1933 228 50 138 197
1934 59 251 178 40
1935 227 163 187 77
1936 83 163 168 175
1937 124 4 216 100
1938 188 8 42 2
1939 8 206 91 237
1940 159 111 94 131
1941 162 233 72 221
1942 228 251 5 200
1943 158 192 21 242
1944 100 190 161 224
1945 194 121 68 126
1946 129 111 129 138
1947 61 220 119 220
1948 76 213 95 238
1949 190 167 203 163
1950 162 209 107 65
1951 145 128 51 245
1952 62 212 214 1
1953 77 26 127 206
1954 137 0 88 198
1955 221 207 162 41
1956 165 1 23 99
1957 169 226 6 75
1958 179 113 140 69
1959 242 191 58 48
1960 147 16 49 224
1961 43 177 175 180
1962 177 7 123 142
1963 215 29 183 124
1964 31 206 223 200
1965 177 230 19 100
1966 87 160 169 73
1967 95 228 122 243
1968 244 171 211 31
1969 92 130 212 14
1970 138 79 156 97
1971 108 84 221 139
1972 34 188 83 211
1973 162 103 56 250
1974 7 225 67 102
1975 197 189 89 186
1976 105 45 217 197
1977 175 173 211 57
1978 252 112 154 105
1979 196 119 244 230
1980 52 72 186 214
1981 175 242 208 182
1982 211 20 28 153
1983 209 118 83 58
1984 163 44 0 82
1985 218 211 140 214
1986 67 38 63 7
1987 158 52 238 210
1988 124 168 168 43
1989 154 121 225 109
1990 141 253 6 94
1991 115 89 153 22
1992 134 153 105 96
1993 108 245 54 176
1994 27 118 183 185
1995 170 165 139 38
1996 77 52 81 231
1997 173 50 85 58
1998 47 91 152 163
1999 181 49 185 59
2000 202 34 155 55
2001 23 209 231 51
2002 71 158 236 241
2003 68 120 23 145
2004 172 104 121 89
2005 154 206 147 202
2006 41 43 109 222
2007 93 38 25 39
2008 73 180 94 96
2009 134 69 147 205
2010 228 128 191 40
2011 248 214 185 164
2012 63 50 253 217
2013 0 144 163 42
2014 187 16 8 24
2015 55 34 64 128
2016 214 158 224 92
2017 228 116 42 200
2018 244 233 240 236
2019 191 169 144 254
2020 220 141 216 220
2021 29 123 6 216
2022 140 15 241 195
2023 49 49 67 7
2024 207 35 100 179
2025 151 142 123 139
2026 119 107 119 54
2027 21 7 53 241
2028 148 13 205 177
2029 136 212 138 20
2030 227 123 215 20
2031 172 26 27 123
2032 62 127 47 213
2033 13 170 97 132
2034 22 216 187 43
2035 224 240 28 116
2036 253 233 38 133
2037 189 176 154 160
2038 43 113 180 215
2039 140 208 82 202
2040 79 129 159 93
2041 44 0 225 66
2042 217 156 109 185
2043 140 137 45 137
2044 114 83 15 48
2045 3 169 208 46
2046 26 133 5 166
2047 85 88 112 164
2048 217 16 1 5
2049 16 227 71 233
2050 127 180 162 12
2051 61 208 149 176
2052 35 164 224 39
2053 77 176 85 104
2054 53 91 14 138
2055 179 127 47 140
2056 143 48 146 159
2057 19 217 137 147
2058 142 43 159 203
2059 251 52 123 31
2060 217 91 70 38
2061 12 155 142 65
2062 246 157 204 169
2063 28 251 54 171
2064 43 200 74 63
2065 161 211 210 47
2066 255 113 251 250
2067 165 118 25 126
2068 210 95 165 222
2069 251 51 31 241
2070 208 235 155 236
2071 230 209 151 18
2072 153 226 81 58
2073 181 35 106 180
2074 148 101 175 57
2075 219 200 184 173
2076 40 93 139 35
2077 144 171 20 97
2078 150 175 77 125
2079 128 229 143 25
2080 199 224 84 124
2081 3 190 49 151
2082 35 224 208 254
2083 168 136 172 208
2084 229 55 243 118
2085 226 8 215 121
2086 183 36 246 56
2087 9 133 81 208
2088 101 165 77 104
2089 99 126 255 134
2090 94 207 133 6
2091 88 49 215 61
2092 104 202 179 75
2093 210 138 196 138
2094 175 186 194 184
2095 63 19 137 164
2096 185 214 12 28
2097 84 11 163 178
2098 218 40 184 50
2099 89 143 112 193
2100 90 35 12 44
2101 174 208 182 93
2102 138 120 21 201
2103 140 158 109 69
2104 116 121 97 200
2105 132 4 122 95
2106 44 51 145 133
2107 194 1 71 28
2108 37 83 73 211
2109 36 255 48 174
2110 120 69 120 4
2111 228 229 73 88
2112 95 170 33 227
2113 175 155 66 219
2114 206 212 97 145
2115 213 168 173 250
2116 251 246 205 31
2117 246 253 206 110
2118 67 70 114 39
2119 43 187 127 138
2120 101 160 110 20
2121 60 176 240 10
2122 132 81 155 90
2123 249 73 84 244
2124 63 34 20 53
2125 31 226 163 98
2126 40 21 137 83
2127 208 9 222 54
2128 169 76 74 229
2129 252 58 240 129
2130 139 139 219 132
2131 212 47 121 20
2132 81 141 73 113
2133 111 237 211 151
2134 2 93 234 211
2135 102 200 9 15
2136 20 83 245 17
2137 142 229 146 25
2138 112 109 158 69
2139 156 23 89 238
2140 164 162 95 19
2141 143 50 170 146
2142 143 148 101 245
2143 93 110 5 113
2144 193 250 130 79
2145 223 20 105 79
2146 129 7 148 30
2147 30 237 12 194
2148 144 107 213 31
2149 157 127 177 45
2150 19 22 34 112
2151 132 39 226 70
2152 33 100 149 0
2153 121 254 80 250
2154 5 228 24 35
2155 210 36 229 98
2156 143 186 129 45
2157 57 51 90 77
2158 73 124 189 206
2159 164 159 20 197
2160 4 169 198 125
2161 168 22 119 173
2162 250 144 209 204
2163 180 182 46 68
2164 113 176 113 170
2165 227 203 247 44
2166 71 181 250 235
2167 84 14 177 88
2168 184 119 213 96
2169 141 77 13 135
2170 221 222 84 145
2171 149 130 213 6
2172 50 70 176 21
2173 17 168 66 89
2174 93 60 68 177
2175 75 245 10 3
2176 108 223 99 249
2177 44 112 129 9
2178 79 213 155 228
2179 87 112 234 138
2180 183 154 159 200
2181 66 225 33 159
2182 30 102 81 105
2183 91 91 108 200
2184 58 207 193 103
2185 63 66 112 142
2186 23 11 114 111
2187 124 92 249 51
2188 247 152 251 57
2189 122 29 217 152
2190 131 42 1 222
2191 133 109 166 191
2192 60 104 38 123
2193 170 151 10 194
2194 162 124 49 30
2195 217 42 81 208
2196 194 77 9 60
2197 106 226 212 237
2198 12 213 203 145
2199 66 114 81 126
2200 218 119 250 132
2201 14 4 70 177
2202 128 119 207 89
2203 161 33 41 100
2204 110 51 160 216
2205 21 117 197 34
2206 74 144 179 141
2207 2 4 11 220
2208 124 5 97 138
2209 9 167 59 138
2210 31 11 227 192
2211 44 13 36 154
2212 64 197 114 85
2213 58 55 119 132
2214 199 43 17 202
2215 47 29 166 171
2216 34 7 54 44
2217 175 113 182 206
2218 124 153 142 168
2219 166 179 66 230
2220 120 180 60 178
2221 235 179 54 179
2222 222 72 125 14
2223 101 35 185 135
2224 43 239 179 218
2225 97 105 168 221
2226 3 54 134 169
2227 233 200 144 97
2228 125 204 19 104
2229 127 74 27 94
2230 146 152 108 247
2231 188 37 126 231
2232 21 50 193 118
2233 155 105 83 158
2234 159 217 72 137
2235 162 216 234 31
2236 164 254 135 35
2237 72 163 129 218
2238 59 237 209 247
2239 19 79 222 40
2240 129 159 158 29
2241 8 241 187 168
2242 203 3 49 109
2243 219 27 140 127
2244 25 19 163 97
2245 182 36 59 242
2246 18 12 233 37
2247 92 200 77 221
2248 103 235 250 112
2249 220 182 24 167
2250 185 73 20 149
2251 100 160 20 126
2252 180 183 223 106
2253 220 27 92 238
2254 39 70 19 131
2255 14 96 97 117
2256 75 91 229 39
2257 17 253 207 203
2258 70 227 96 171
2259 132 116 41 56
2260 44 8 162 8
2261 35 255 246 75
2262 69 9 206 83
2263 105 47 200 180
2264 139 174 219 156
2265 171 170 103 242
2266 142 199 157 18
2267 60 198 74 104
2268 206 236 112 242
2269 235 102 61 48
2270 111 11 131 216
2271 59 76 140 198
2272 250 103 98 165
2273 18 202 151 160
2274 145 52 178 205
2275 250 252 53 201
2276 232 165 187 212
2277 11 248 4 122
2278 3 136 82 62
2279 212 222 4 206
2280 70 103 115 88
2281 49 11 248 194
2282 63 170 144 58
2283 166 197 3 142
2284 107 190 98 118
2285 182 103 241 185
2286 239 67 248 195
2287 34 252 145 104
2288 99 4 192 148
2289 15 184 87 79
2290 98 231 137 8
2291 172 140 150 23
2292 74 249 142 0
2293 96 127 185 79
2294 194 177 18 228
2295 174 163 76 17
2296 167 12 166 183
2297 196 253 6 38
2298 228 143 46 144
2299 27 197 168 101
2300 190 54 101 30
2301 181 30 109 119
2302 208 127 92 126
2303 34 168 143 201
2304 181 53 128 121
2305 50 134 160 22
2306 21 206 167 48
2307 147 79 149 81
2308 133 250 111 58
2309 25 220 177 233
2310 91 13 103 125
2311 182 246 71 107
2312 44 199 228 94
2313 78 132 117 99
2314 83 28 148 230
2315 107 41 56 240
2316 36 167 42 61
2317 132 219 38 223
2318 233 141 93 159
2319 131 164 10 175
2320 107 238 14 185
2321 115 131 29 198
2322 159 177 172 10
2323 218 228 250 254
2324 140 36 59 16
2325 255 97 239 232
2326 238 76 135 114
2327 240 145 33 92
2328 128 47 21 243
2329 178 50 185 81
2330 227 101 91 190
2331 74 85 188 214
2332 121 248 230 121
2333 89 213 97 72
2334 34 233 186 18
2335 122 219 110 250
2336 11 132 237 189
2337 182 166 15 154
2338 12 106 88 86
2339 192 20 44 57
2340 12 18 178 102
2341 231 20 174 9
2342 253 104 28 119
2343 67 138 114 78
2344 14 95 12 197
2345 6 27 95 18
2346 133 183 104 69
2347 203 148 127 216
2348 166 49 62 141
2349 69 236 151 66
2350 84 179 186 151
2351 61 44 230 76
2352 139 242 17 145
2353 13 112 163 146
2354 39 11 216 242
2355 159 87 202 69
2356 136 8 211 206
2357 244 106 16 72
2358 29 202 224 90
2359 246 198 166 130
2360 184 183 19 197
2361 39 183 87 78
2362 194 47 65 98
2363 134 11 167 15
2364 20 122 221 8
2365 228 237 81 1
2366 184 49 92 174
2367 247 2 48 175
2368 186 68 116 225
2369 251 203 48 189
2370 251 113 31 129
2371 124 199 144 144
2372 65 109 153 38
2373 91 234 39 19
2374 27 131 193 18
2375 134 242 193 64
2376 54 53 33 49
2377 0 81 238 251
2378 194 14 125 63
2379 213 13 207 22
2380 123 104 60 214
2381 82 100 233 109
2382 231 170 127 109
2383 156 64 173 210
2384 117 207 3 118
2385 32 242 113 227
2386 0 238 34 213
2387 252 241 235 119
2388 90 40 77 172
2389 140 54 26 115
2390 224 153 225 125
2391 218 142 79 79
2392 93 83 197 126
2393 69 55 97 69
2394 37 131 26 33
2395 116 5 152 206
2396 45 229 123 185
2397 27 149 45 252
2398 46 14 121 8
2399 156 200 88 250
2400 27 29 120 96
2401 84 217 165 122
2402 92 191 155 208
2403 197 52 159 242
2404 25 26 172 53
2405 175 217 49 221
2406 231 170 230 131
2407 114 62 125 142
2408 91 245 238 176
2409 206 148 42 42
2410 83 197 251 24
2411 249 154 11 19
2412 180 183 72 99
2413 144 121 64 119
2414 35 38 250 149
2415 100 120 35 192
2416 109 18 112 60
2417 166 154 102 249
2418 95 97 18 89
2419 251 29 108 175
2420 212 180 18 100
2421 45 83 219 80
2422 121 213 229 222
2423 77 9 158 187
2424 27 14 247 193
2425 168 93 186 7
2426 191 204 96 186
2427 233 204 106 189
2428 128 124 33 173
2429 207 252 253 73
2430 210 227 39 31
2431 236 197 218 7
2432 211 209 200 123
2433 47 130 130 238
2434 79 227 168 56
2435 175 18 246 48
2436 143 23 221 94
2437 20 219 167 230
2438 190 206 5 170
2439 147 224 177 102
2440 177 121 225 224
2441 251 100 206 74
2442 71 119 131 246
2443 137 121 38 24
2444 144 4 119 164
2445 223 30 138 157
2446 237 144 71 128
2447 112 248 231 33
2448 113 200 2 108
2449 44 208 183 115
2450 71 58 106 209
2451 179 144 233 67
2452 148 96 232 115
2453 127 114 16 108
2454 2 87 236 114
2455 79 211 148 192
2456 156 150 45 200
2457 102 228 60 174
2458 30 166 127 209
2459 54 104 20 203
2460 201 252 62 72
2461 111 79 180 113
2462 166 160 228 246
2463 116 120 182 16
2464 14 227 216 116
2465 199 20 34 229
2466 186 161 182 241
2467 10 203 188 211
2468 199 250 27 54
2469 73 207 168 240
2470 111 140 230 227
2471 4 156 243 18
2472 128 204 134 71
2473 224 169 45 155
2474 74 227 140 84
2475 174 72 39 118
2476 66 66 172 140
2477 17 84 124 129
2478 224 98 100 228
2479 254 88 246 126
2480 36 125 198 4
2481 38 243 159 112
2482 214 43 197 133
2483 115 236 251 182
2484 47 167 66 64
2485 252 190 193 220
2486 32 38 193 30
2487 126 183 157 162
2488 52 99 166 90
2489 86 70 203 44
2490 113 144 177 229
2491 124 172 155 171
2492 84 221 236 80
2493 155 173 44 187
2494 211 237 217 81
2495 165 118 243 217
2496 217 154 52 47
2497 224 255 92 81
2498 143 13 54 11
2499 186 209 183 14
2500 174 163 94 73
2501 80 138 4 36
2502 120 222 117 29
2503 84 105 246 46
2504 3 42 93 227
2505 41 185 52 184
2506 199 107 196 129
2507 60 123 143 235
2508 30 237 52 110
2509 119 57 146 239
2510 23 8 12 107
2511 113 3 153 116
2512 45 247 87 87
2513 176 139 15 119
2514 246 211 248 51
2515 78 135 30 108
2516 116 82 219 236
2517 139 109 219 162
2518 117 232 14 230
2519 235 167 90 24
2520 158 177 111 79
2521 61 127 198 51
2522 82 191 102 161
2523 70 132 13 187
2524 215 232 167 98
2525 86 130 5 203
2526 106 19 178 85
2527 186 12 110 89
2528 190 221 168 251
2529 92 110 46 175
2530 45 149 80 116
2531 25 93 47 240
2532 70 214 83 156
2533 88 88 103 195
2534 107 25 24 37
2535 38 134 126 228
2536 100 38 223 192
2537 149 13 111 194
2538 162 191 54 188
2539 29 101 172 99
2540 59 255 255 148
2541 87 102 87 194
2542 128 111 232 166
2543 246 102 138 90
2544 141 105 26 34
2545 118 138 228 25
2546 73 27 213 102
2547 128 129 201 188
2548 129 200 80 216
2549 47 167 155 175
2550 22 131 85 12
2551 233 223 102 118
2552 72 129 152 190
2553 11 125 215 84
2554 152 172 187 24
2555 46 132 212 175
2556 77 36 135 124
2557 203 34 43 226
2558 165 128 238 143
2559 95 85 5 167
2560 214 158 101 225
2561 27 61 53 179
2562 233 240 203 23
2563 117 160 198 194
2564 196 78 62 144
2565 112 105 114 22
2566 233 96 165 72
2567 181 170 239 139
2568 72 84 108 99
2569 145 162 22 123
2570 146 226 146 7
2571 130 89 201 70
2572 167 7 214 23
2573 112 72 45 89
2574 169 210 161 94
2575 125 144 234 197
2576 229 86 41 118
2577 248 63 241 139
2578 33 132 146 163
2579 221 92 234 132
2580 99 192 155 212
2581 9 201 45 178
2582 155 207 16 24
2583 95 250 222 68
2584 81 7 187 73
2585 70 172 212 104
2586 48 103 11 13
2587 195 245 145 38
2588 182 45 250 191
2589 246 40 113 145
2590 247 129 170 86
2591 124 136 155 205
2592 143 86 22 213
2593 2 235 61 51
2594 82 73 64 21
2595 62 210 59 244
2596 255 54 179 245
2597 94 36 134 85
2598 166 48 171 34
2599 184 70 239 71
2600 156 5 29 159
2601 240 90 210 66
2602 163 18 87 226
2603 228 147 214 227
2604 201 138 216 39
2605 174 95 124 84
2606 143 39 118 72
2607 110 101 143 10
2608 107 172 169 91
2609 7 123 158 170
2610 142 245 140 114
2611 136 99 86 81
2612 237 46 120 155
2613 141 244 240 29
2614 28 102 101 138
2615 204 244 148 55
2616 161 62 146 168
2617 185 48 82 71
2618 38 223 186 174
2619 66 16 0 47
2620 62 120 202 204
2621 109 186 233 137
2622 33 78 19 237
2623 66 167 36 227
2624 229 182 139 159
2625 231 222 230 13
2626 189 160 187 255
2627 176 187 46 239
2628 52 248 187 161
2629 179 164 42 212
2630 242 61 193 52
2631 228 229 24 202
2632 155 163 105 130
2633 129 79 143 62
2634 240 75 61 160
2635 6 107 143 58
2636 100 74 219 23
2637 238 5 235 224
2638 66 172 21 39
2639 145 45 241 44
2640 208 90 175 82
2641 169 62 144 153
2642 137 206 58 144
2643 57 201 202 157
2644 20 166 180 2
2645 171 159 227 238
2646 75 248 21 220
2647 37 6 9 245
2648 96 184 71 9
2649 246 216 163 128
2650 166 221 16 223
2651 166 218 125 186
2652 128 49 189 44
2653 209 160 26 28
2654 152 47 249 189
2655 53 2 178 149
2656 186 250 158 176
2657 210 65 48 120
2658 30 64 87 197
2659 27 212 127 155
2660 6 60 199 215
2661 220 225 243 116
2662 16 236 49 69
2663 238 228 218 168
2664 222 121 89 176
2665 186 137 40 217
2666 202 127 158 229
2667 84 29 128 90
2668 90 72 49 54
2669 41 36 171 58
2670 17 220 127 255
2671 192 90 168 158
2672 211 1 78 141
2673 138 118 102 84
2674 246 4 57 74
2675 34 186 164 124
2676 2 213 178 43
2677 249 93 101 10
2678 58 229 10 250
2679 63 178 153 18
2680 179 231 159 61
2681 94 6 146 84
2682 10 203 158 44
2683 133 66 168 135
2684 23 91 179 16
2685 184 24 27 242
2686 253 37 237 60
2687 215 134 78 138
2688 109 238 199 203
2689 244 89 31 254
2690 37 189 43 170
2691 255 211 50 22
2692 46 229 39 231
2693 253 66 217 251
2694 103 198 55 62
2695 76 134 200 186
2696 116 143 133 104
2697 233 165 102 14
2698 98 145 184 98
2699 101 234 120 147
2700 207 159 122 205
2701 225 84 200 72
2702 26 255 134 103
2703 133 78 33 249
2704 222 166 97 199
2705 75 200 213 174
2706 89 141 16 190
2707 120 136 82 71
2708 40 204 20 9
2709 32 220 82 59
2710 220 216 162 97
2711 39 195 91 5
2712 105 188 204 181
2713 132 161 99 222
2714 46 115 156 166
2715 251 238 238 35
2716 187 2 45 219
2717 223 127 22 187
2718 87 184 28 126
2719 123 119 131 229
2720 52 79 154 184
2721 240 253 150 31
2722 112 51 197 107
2723 33 179 143 220
2724 182 188 184 149
2725 59 206 80 146
2726 135 108 17 2
2727 228 148 231 24
2728 228 129 208 212
2729 126 103 243 238
2730 154 185 90 187
2731 108 233 152 34
2732 165 80 183 224
2733 30 7 114 165
2734 116 131 168 88
2735 24 143 112 252
2736 17 64 208 143
2737 167 196 126 65
2738 125 216 253 233
2739 193 149 12 102
2740 229 195 70 3
2741 203 184 169 63
2742 60 81 151 84
2743 224 7 80 241
2744 71 32 129 239
2745 228 255 48 97
2746 215 45 75 152
2747 194 87 254 167
2748 26 68 171 229
2749 252 84 36 56
2750 165 187 140 133
2751 194 220 119 10
2752 253 248 249 225
2753 247 41 67 206
2754 87 142 102 25
2755 229 100 193 255
2756 168 108 229 164
2757 192 9 221 101
2758 197 105 234 135
2759 70 97 145 67
2760 89 138 36 80
2761 180 103 30 11
2762 245 132 36 218
2763 232 229 218 144
2764 81 191 53 17
2765 200 18 118 141
2766 123 97 21 193
2767 194 166 4 28
2768 49 41 108 229
2769 144 139 240 134
2770 15 20 96 248
2771 250 58 136 75
2772 249 189 93 194
2773 207 211 79 75
2774 52 100 12 247
2775 11 17 19 60
2776 58 127 33 202
2777 10 17 80 26
2778 37 177 18 31
2779 235 154 107 229
2780 88 200 167 39
2781 155 246 114 208
2782 91 127 199 102
2783 144 218 162 202
2784 89 195 148 100
2785 212 229 126 249
2786 150 144 25 129
2787 42 132 102 130
2788 76 13 170 231
2789 4 28 183 95
2790 155 126 197 43
2791 88 103 245 178
2792 42 138 22 254
2793 111 148 247 5
2794 36 16 134 78
2795 148 237 209 224
2796 250 123 200 254
2797 151 127 93 51
2798 254 34 94 86
2799 137 84 8 179
2800 222 30 177 77
2801 178 169 82 214
2802 185 216 37 78
2803 197 246 46 192
2804 113 246 190 8
2805 118 28 59 116
2806 62 154 202 200
2807 238 211 123 204
2808 241 45 25 164
2809 214 107 122 143
2810 67 159 221 9
2811 149 12 201 6
2812 2 135 15 120
2813 163 74 236 226
2814 228 183 170 210
2815 138 37 158 123
2816 82 183 31 40
2817 34 154 184 102
2818 57 149 111 207
2819 161 56 213 164
2820 191 228 28 99
2821 47 9 69 19
2822 192 239 230 74
2823 20 132 197 103
2824 60 229 143 94
2825 127 71 196 184
2826 221 51 135 126
2827 107 93 34 43
2828 65 63 142 112
2829 72 211 132 8
2830 194 106 82 214
2831 238 23 61 42
2832 252 205 137 123
2833 20 77 52 241
2834 129 187 112 236
2835 24 146 23 90
2836 209 165 202 25
2837 120 78 33 58
2838 184 115 17 167
2839 139 78 209 135
2840 27 90 3 48
2841 168 55 33 41
2842 242 145 21 11
2843 36 45 101 245
2844 210 47 15 75
2845 126 48 133 54
2846 164 150 221 47
2847 229 175 182 0
2848 9 185 48 177
2849 240 82 218 227
2850 227 240 238 7
2851 29 83 253 239
2852 130 12 58 0
2853 60 192 55 224
2854 86 20 15 59
2855 195 198 60 205
2856 127 108 126 112
2857 190 89 83 162
2858 73 65 169 102
2859 148 166 85 22
2860 178 144 23 239
2861 80 78 207 166
2862 98 223 226 38
2863 165 30 243 36
2864 138 113 148 73
2865 202 231 235 19
2866 40 148 121 188
2867 59 207 211 237
2868 95 234 220 175
2869 56 172 85 154
2870 139 55 192 48
2871 85 179 84 224
2872 37 233 41 239
2873 208 20 3 249
2874 168 124 181 227
2875 75 136 209 170
2876 114 173 89 170
2877 89 175 69 228
2878 230 5 20 60
2879 185 105 28 222
2880 82 69 205 34
2881 89 208 27 1
2882 77 209 229 152
2883 89 182 67 204
2884 99 156 118 189
2885 75 187 161 50
2886 193 182 110 122
2887 31 138 88 113
2888 207 37 147 40
2889 246 175 41 67
2890 128 14 219 217
2891 196 30 165 40
2892 187 28 229 6
2893 215 134 56 152
2894 60 166 18 91
2895 48 106 204 255
2896 144 96 39 134
2897 15 81 201 143
2898 95 164 104 36
2899 195 14 76 126
2900 42 49 132 1
2901 183 189 154 244
2902 99 172 79 148
2903 23 28 147 167
2904 124 187 45 139
2905 12 246 26 107
2906 154 130 143 93
2907 144 219 219 186
2908 12 96 188 196
2909 29 86 184 128
2910 2 7 20 25
2911 35 168 192 159
2912 99 237 42 111
2913 227 68 218 126
2914 199 106 219 87
2915 69 183 18 82
2916 23 206 22 52
2917 36 206 180 38
2918 213 201 64 249
2919 113 0 152 212
2920 238 195 67 209
2921 7 29 79 206
2922 135 43 38 205
2923 226 56 31 249
2924 6 53 45 42
2925 3 225 80 216
2926 170 144 209 27
2927 145 106 239 127
2928 45 50 80 52
2929 80 160 3 215
2930 203 41 164 173
2931 97 195 166 103
2932 248 211 145 251
2933 180 225 212 95
2934 114 165 122 3
2935 15 106 130 60
2936 156 210 113 236
2937 114 116 196 61
2938 157 104 234 254
2939 44 144 101 36
2940 99 246 32 24
2941 215 244 119 73
2942 153 241 76 169
2943 91 206 229 248
2944 161 86 228 19
2945 202 168 81 103
2946 17 59 101 61
2947 204 202 97 47
2948 192 129 71 152
2949 117 190 225 15
2950 176 46 184 11
2951 252 157 3 157
2952 244 232 177 190
2953 144 2 38 161
2954 61 139 222 9
2955 86 64 57 22
2956 193 128 174 55
2957 63 144 70 239
2958 190 254 250 186
2959 155 254 88 143
2960 230 9 78 118
2961 11 116 24 72
2962 255 246 82 85
2963 54 139 108 248
2964 11 26 47 74
2965 170 117 57 104
2966 115 52 35 14
2967 50 123 158 24
2968 132 236 142 143
2969 96 166 215 95
2970 157 41 181 211
2971 180 33 203 192
2972 59 250 10 230
2973 111 68 78 226
2974 120 113 241 170
2975 236 143 194 112
2976 123 80 255 219
2977 247 215 58 148
2978 0 239 103 181
2979 16 51 117 76
2980 45 127 50 157
2981 195 128 127 59
2982 242 112 229 222
2983 255 167 79 122
2984 248 78 85 239
2985 37 144 131 38
2986 127 234 219 144
2987 29 80 220 75
2988 207 14 232 147
2989 142 103 206 128
2990 216 180 95 215
2991 91 174 82 83
2992 252 167 66 34
2993 55 197 72 183
2994 176 35 71 205
2995 115 35 24 66
2996 49 0 213 191
2997 104 164 64 64
2998 88 159 23 179
2999 77 105 7 73
3000 17 73 107 72
3001 15 179 255 191
3002 214 70 140 73
3003 105 165 140 154
3004 165 97 90 13
3005 5 154 77 93
3006 57 101 17 134
3007 206 24 207 223
3008 97 59 40 112
3009 238 39 47 197
3010 110 188 14 215
3011 97 154 114 6
3012 252 204 20 1
3013 102 97 95 159
3014 198 112 37 149
3015 136 244 116 233
3016 47 156 90 30
3017 196 137 227 50
3018 69 241 9 166
3019 140 123 173 136
3020 71 193 137 173
3021 34 232 76 233
3022 88 113 126 224
3023 102 242 202 149
3024 143 36 179 83
3025 173 150 133 243
3026 136 142 153 20
3027 10 70 156 81
3028 7 37 255 42
3029 14 75 19 102
3030 189 145 71 35
3031 131 17 184 18
3032 53 108 101 226
3033 2 234 213 138
3034 121 111 158 131
3035 181 58 212 189
3036 96 211 231 110
3037 31 250 212 220
3038 139 27 255 14
3039 44 183 33 97
3040 35 134 68 38
3041 113 25 176 234
3042 136 79 109 62
3043 137 65 251 233
3044 21 226 87 52
3045 220 44 16 103
3046 71 15 117 116
3047 198 150 213 234
3048 29 25 16 142
3049 51 192 120 187
3050 15 229 249 153
3051 38 244 130 59
3052 214 218 111 178
3053 6 127 25 77
3054 142 143 193 85
3055 37 151 63 66
3056 176 79 208 227
3057 15 72 159 31
3058 45 152 184 84
3059 141 58 143 99
3060 20 255 22 26
3061 126 47 104 13
3062 190 41 98 228
3063 192 161 38 113
3064 240 247 84 255
3065 63 243 30 109
3066 140 214 193 25
3067 17 80 124 37
3068 79 146 64 206
3069 194 168 219 128
3070 209 61 100 146
3071 222 139 3 206
3072 130 87 205 193
3073 75 236 46 215
3074 194 239 240 211
3075 64 108 249 143
3076 255 57 93 193
3077 225 56 65 178
3078 117 166 68 83
3079 49 71 33 179
3080 159 239 116 234
3081 219 163 193 157
3082 146 177 113 210
3083 29 106 98 28
3084 163 191 221 132
3085 248 31 54 109
3086 197 123 193 246
3087 194 226 169 97
3088 209 29 75 172
3089 192 12 74 83
3090 189 187 37 219
3091 37 135 247 200
3092 71 213 76 63
3093 244 130 172 185
3094 253 109 175 192
3095 80 88 33 33
3096 117 109 206 54
3097 121 24 137 55
3098 211 174 18 248
3099 54 9 192 125
3100 222 12 188 210
3101 142 104 139 140
3102 214 58 76 38
3103 146 109 71 8
3104 218 21 62 84
3105 45 199 139 0
3106 117 157 248 171
3107 166 184 40 133
3108 196 228 87 83
3109 77 227 223 35
3110 29 43 73 176
3111 152 144 184 115
3112 166 246 199 211
3113 189 82 212 50
3114 239 204 222 149
3115 133 6 26 73
3116 235 114 156 56
3117 85 123 91 114
3118 166 164 34 63
3119 52 218 178 218
3120 208 121 174 141
3121 203 130 192 186
3122 78 158 79 211
3123 164 106 29 143
3124 220 185 199 49
3125 53 34 163 219
3126 198 198 26 251
3127 160 204 213 113
3128 69 131 254 16
3129 5 190 202 84
3130 92 26 39 1
3131 132 68 144 96
3132 254 88 145 51
3133 122 52 14 65
3134 250 41 60 155
3135 245 17 12 59
3136 149 10 75 154
3137 201 22 238 37
3138 48 22 38 180
3139 90 183 20 88
3140 15 165 139 137
3141 217 154 202 212
3142 195 6 111 184
3143 24 123 243 173
3144 133 63 71 78
3145 85 54 116 133
3146 76 154 57 166
3147 81 77 255 96
3148 242 138 234 203
3149 36 180 159 231
3150 187 14 160 211
3151 137 147 128 15
3152 210 199 93 39
3153 253 209 172 73
3154 108 229 240 189
3155 50 239 30 36
3156 121 8 240 158
3157 188 143 133 119
3158 158 37 74 39
3159 185 202 54 139
3160 146 148 179 143
3161 101 95 217 209
3162 69 201 143 119
3163 184 173 156 49
3164 181 140 207 113
3165 27 85 233 185
3166 122 51 225 51
3167 254 23 191 144
3168 171 114 31 17
3169 209 248 226 22
3170 193 113 142 121
3171 30 42 171 211
3172 182 122 69 209
3173 207 46 139 74
3174 97 108 125 95
3175 131 60 239 47
3176 174 15 64 128
3177 7 34 150 201
3178 148 36 66 178
3179 78 237 134 4
3180 104 203 214 55
3181 249 97 129 90
3182 205 255 186 80
3183 59 169 127 234
3184 184 191 106 192
3185 226 0 137 118
3186 37 203 40 115
3187 185 174 120 33
3188 121 78 88 114
3189 175 218 205 124
3190 217 135 204 20
3191 48 76 254 233
3192 11 104 169 237
3193 105 50 99 142
3194 253 140 1 182
3195 58 121 215 180
3196 199 48 38 118
3197 10 243 242 227
3198 122 191 247 171
3199 11 246 148 22
3200 94 61 4 199
3201 111 103 85 108
3202 243 87 35 46
3203 208 250 226 152
3204 42 8 14 52
3205 252 1 23 118
3206 192 15 33 203
3207 5 181 225 99
3208 242 229 43 97
3209 77 128 206 64
3210 215 241 110 168
3211 235 80 64 22
3212 89 78 74 85
3213 79 98 203 15
3214 113 237 218 118
3215 162 188 217 149
3216 161 4 246 238
3217 133 196 47 92
3218 181 157 4 161
3219 238 68 183 71
3220 147 1 156 226
3221 99 103 242 212
3222 84 204 74 247
3223 136 36 140 42
3224 40 130 24 173
3225 71 71 10 252
3226 229 14 157 211
3227 83 84 26 230
3228 86 182 200 185
3229 29 186 142 114
3230 135 216 105 15
3231 252 245 57 37
3232 119 82 210 190
3233 153 220 187 126
3234 235 88 81 62
3235 173 107 36 3
3236 33 236 188 63
3237 167 74 177 46
3238 35 26 61 31
3239 15 119 68 134
3240 201 23 69 98
3241 243 0 225 222
3242 88 50 28 5
3243 158 64 8 191
3244 45 197 254 212
3245 15 175 2 50
3246 201 63 82 216
3247 182 150 95 127
3248 173 164 226 161
3249 164 195 127 252
3250 245 156 2 147
3251 220 10 83 9
3252 207 81 221 223
3253 1 223 17 202
3254 31 99 163 213
3255 250 2 85 167
3256 166 55 72 74
3257 250 200 70 239
3258 100 72 131 64
3259 83 214 74 34
3260 39 39 1 40
3261 7 19 243 38
3262 118 150 251 112
3263 152 80 24 62
3264 135 96 136 129
3265 40 206 113 140
3266 23 244 205 106
3267 202 23 140 241
3268 62 142 26 69
3269 161 13 107 23
3270 163 103 136 59
3271 183 160 121 63
3272 0 1 192 41
3273 207 49 181 230
3274 37 130 80 239
3275 153 221 225 216
3276 107 251 29 12
3277 8 137 35 171
3278 240 171 230 167
3279 75 95 230 76
3280 96 167 117 47
3281 216 42 22 254
3282 173 102 237 70
3283 67 206 30 174
3284 201 60 186 209
3285 197 222 124 181
3286 137 98 92 213
3287 193 67 33 33
3288 234 150 81 194
3289 192 103 192 109
3290 205 174 180 17
3291 124 210 191 70
3292 14 122 23 211
3293 88 148 136 225
3294 246 229 182 184
3295 40 215 217 18
3296 109 42 212 46
3297 145 149 155 95
3298 67 79 112 191
3299 34 47 5 48
3300 169 29 4 1
3301 177 140 227 167
3302 113 153 95 153
3303 113 57 171 222
3304 99 128 12 245
3305 21 168 84 88
3306 247 196 23 25
3307 243 29 74 157
3308 58 78 158 235
3309 218 129 146 76
3310 27 242 229 140
3311 43 145 106 142
3312 17 119 131 38
3313 31 215 126 22
3314 155 149 48 143
3315 178 122 44 236
3316 200 202 215 162
3317 76 106 238 103
3318 92 212 243 135
3319 101 93 21 118
3320 212 153 156 243
3321 112 26 10 12
3322 175 58 155 98
3323 180 199 78 124
3324 145 38 30 221
3325 144 13 68 236
3326 225 55 115 70
3327 149 136 188 105
3328 33 88 93 146
3329 114 103 158 33
3330 161 57 131 85
3331 0 210 209 145
3332 248 239 111 136
3333 252 179 116 221
3334 235 231 35 128
3335 111 223 233 145
3336 55 70 35 169
3337 173 193 203 78
3338 250 78 163 250
3339 32 116 139 24
3340 100 250 160 96
3341 174 20 62 153
3342 251 97 25 107
3343 65 2 252 120
3344 73 31 34 246
3345 224 237 69 218
3346 59 232 212 92
3347 93 95 116 193
3348 90 21 33 8
3349 41 95 161 37
3350 193 186 144 2
3351 188 140 122 5
3352 171 156 252 139
3353 137 65 101 197
3354 41 57 33 134
3355 152 149 71 242
3356 170 105 250 212
3357 200 155 249 137
3358 85 137 139 18
3359 21 6 23 192
3360 162 19 75 44
3361 84 176 241 126
3362 233 18 4 129
3363 167 76 116 82
3364 181 110 38 125
3365 10 31 7 95
3366 168 146 113 189
3367 152 137 125 59
3368 156 200 103 241
3369 120 88 111 97
3370 106 115 226 17
3371 191 86 99 116
3372 197 137 242 207
3373 168 249 46 80
3374 139 160 13 36
3375 41 138 95 197
3376 82 198 182 202
3377 30 37 43 136
3378 153 14 153 88
3379 100 253 205 41
3380 134 191 248 47
3381 184 39 127 67
3382 199 141 103 240
3383 23 198 181 106
3384 140 108 52 170
3385 145 96 50 42
3386 110 204 131 210
3387 201 80 252 79
3388 15 244 126 199
3389 27 254 10 226
3390 139 114 210 162
3391 56 136 12 197
3392 244 65 111 133
3393 161 162 176 15
3394 110 51 225 55
3395 131 221 134 146
3396 210 5 89 237
3397 3 99 208 142
3398 213 162 48 14
3399 42 61 211 30
3400 126 66 164 31
3401 228 84 46 82
3402 135 15 137 10
3403 237 16 156 191
3404 21 245 172 24
3405 88 124 166 46
3406 31 214 60 73
3407 19 15 104 145
3408 81 12 176 54
3409 96 222 136 231
3410 238 18 241 219
3411 34 141 154 55
3412 130 70 79 218
3413 195 245 8 226
3414 203 68 43 223
3415 83 147 112 165
3416 159 33 219 255
3417 255 99 230 237
3418 117 215 200 151
3419 100 98 206 230
3420 169 29 193 108
3421 18 201 78 222
3422 14 121 189 97
3423 13 45 6 172
3424 78 225 172 78
3425 69 146 59 186
3426 106 4 82 206
3427 102 32 181 15
3428 62 118 123 80
3429 63 201 46 77
3430 67 235 175 80
3431 25 181 252 103
3432 151 168 181 220
3433 59 241 150 165
3434 245 232 115 91
3435 9 40 107 71
3436 158 230 151 222
3437 176 198 43 243
3438 177 218 67 202
3439 144 63 50 39
3440 232 231 3 35
3441 216 153 200 205
3442 130 59 41 139
3443 100 148 210 2
3444 122 105 224 42
3445 47 12 29 225
3446 230 96 171 118
3447 160 221 157 136
3448 197 160 171 157
3449 58 115 107 188
3450 174 148 71 18
3451 40 25 21 162
3452 130 245 205 178
3453 1 234 147 232
3454 75 62 94 235
3455 28 252 115 225
3456 156 30 126 214
3457 145 233 146 63
3458 125 217 82 165
3459 242 103 72 117
3460 92 21 39 94
3461 255 186 70 74
3462 248 164 53 20
3463 160 168 245 61
3464 198 116 19 87
3465 93 166 151 219
3466 127 233 128 114
3467 80 200 231 172
3468 221 14 10 221
3469 200 80 39 192
3470 245 93 213 149
3471 5 202 210 204
3472 62 230 35 156
3473 140 186 119 11
3474 163 247 125 243
3475 192 100 160 157
3476 114 170 122 58
3477 251 162 251 240
3478 255 208 133 4
3479 154 88 208 217
3480 62 244 117 202
3481 174 236 213 82
3482 227 83 69 163
3483 183 229 65 42
3484 144 187 100 139
3485 93 95 123 92
3486 47 0 97 202
3487 88 49 163 150
3488 37 24 96 212
3489 4 54 38 231
3490 137 107 139 64
3491 81 204 106 225
3492 135 207 108 229
3493 46 231 65 94
3494 231 162 40 64
3495 212 203 214 249
3496 227 55 205 231
3497 109 243 206 246
3498 95 89 54 176
3499 37 161 145 173
3500 112 253 146 158
3501 228 211 252 203
3502 118 36 11 74
3503 239 226 67 210
3504 25 17 185 134
3505 4 136 124 99
3506 225 178 19 7
3507 83 164 180 195
3508 161 70 98 133
3509 25 94 81 143
3510 131 92 217 114
3511 62 29 69 87
3512 46 254 221 50
3513 134 89 150 104
3514 12 169 111 95
3515 78 35 35 239
3516 105 133 117 130
3517 227 198 18 102
3518 34 235 217 97
3519 8 30 184 54
3520 28 150 105 163
3521 239 255 11 251
3522 168 122 91 246
3523 157 126 230 6
3524 3 91 136 230
3525 33 154 77 67
3526 134 38 164 142
3527 68 93 197 96
3528 243 46 3 226
3529 45 14 222 213
3530 136 57 204 37
3531 183 178 43 186
3532 13 180 160 46
3533 78 237 113 212
3534 19 22 99 87
3535 115 40 184 102
3536 86 187 72 131
3537 202 38 88 82
3538 95 36 120 22
3539 214 163 208 227
3540 87 113 17 166
3541 94 131 122 114
3542 153 221 201 12
3543 5 129 114 91
3544 61 186 222 7
3545 225 55 89 64
3546 91 209 87 50
3547 117 39 21 204
3548 152 39 114 247
3549 170 237 105 67
3550 202 50 79 208
3551 180 193 43 241
3552 123 10 248 92
3553 65 81 157 156
3554 35 244 206 152
3555 27 228 100 180
3556 11 215 171 181
3557 196 20 248 142
3558 70 71 94 250
3559 8 138 235 131
3560 148 227 224 213
3561 53 125 113 88
3562 113 64 240 140
3563 36 84 64 47
3564 43 235 228 239
3565 255 220 126 70
3566 35 220 64 43
3567 102 44 174 250
3568 15 142 207 68
3569 11 65 156 124
3570 129 140 9 165
3571 225 73 212 12
3572 53 184 252 52
3573 148 122 122 183
3574 86 187 226 189
3575 231 144 183 246
3576 31 135 59 42
3577 200 215 167 73
3578 100 176 238 69
3579 249 194 81 46
3580 122 77 99 14
3581 199 221 197 30
3582 152 167 219 127
3583 55 146 118 86
3584 25 177 129 225
3585 136 40 42 236
3586 216 24 49 209
3587 218 131 0 84
3588 208 99 98 152
3589 64 39 182 217
3590 206 145 88 6
3591 35 206 92 61
3592 127 221 30 8
3593 5 73 244 221
3594 97 38 175 60
3595 169 175 144 121
3596 18 243 17 82
3597 26 199 43 233
3598 88 132 239 124
3599 82 75 185 210
3600 41 215 218 46
3601 32 206 12 130
3602 244 187 190 157
3603 106 78 23 124
3604 65 40 206 92
3605 240 250 69 72
3606 126 52 196 208
3607 127 125 162 168
3608 85 124 215 117
3609 75 227 247 63
3610 158 181 221 8
3611 4 244 132 69
3612 28 82 161 12
3613 76 230 85 202
3614 26 25 155 154
3615 151 61 66 236
3616 186 25 97 5
3617 252 89 68 154
3618 14 33 162 18
3619 21 38 88 50
3620 121 249 62 197
3621 224 147 144 250
3622 173 43 148 68
3623 104 215 48 34
3624 240 145 39 237
3625 234 108 135 249
3626 141 42 11 163
3627 80 99 213 201
3628 93 19 143 61
3629 167 31 55 84
3630 74 204 152 178
3631 163 200 213 147
3632 89 252 128 68
3633 104 8 61 246
3634 50 72 153 130
3635 172 110 76 9
3636 129 219 70 40
3637 250 125 124 68
3638 73 20 246 236
3639 220 203 128 54
3640 200 0 122 48
3641 8 183 38 58
3642 255 191 189 171
3643 45 9 180 175
3644 228 250 215 222
3645 120 84 34 193
3646 104 24 174 69
3647 228 46 123 172
3648 46 245 220 55
3649 172 3 113 171
3650 194 46 87 240
3651 55 11 159 27
3652 6 118 249 126
3653 202 27 63 51
3654 52 237 120 24
3655 27 243 196 74
3656 232 160 129 148
3657 163 242 63 102
3658 33 150 86 88
3659 162 245 116 168
3660 107 109 38 54
3661 137 101 105 189
3662 83 225 213 110
3663 212 153 184 188
3664 57 57 80 221
3665 44 143 67 77
3666 38 153 165 200
3667 142 25 112 249
3668 135 150 47 16
3669 251 152 205 78
3670 121 162 189 77
3671 59 117 9 116
3672 175 89 81 219
3673 233 148 40 15
3674 45 205 215 187
3675 231 71 181 110
3676 221 228 126 216
3677 125 75 39 246
3678 237 228 68 40
3679 89 77 156 8
3680 167 238 227 144
3681 130 11 159 176
3682 217 118 107 192
3683 189 32 46 154
3684 5 172 114 130
3685 247 153 120 228
3686 125 188 12 215
3687 10 168 223 177
3688 150 195 65 25
3689 206 224 201 167
3690 86 52 103 19
3691 85 149 173 90
3692 65 31 220 56
3693 185 84 28 54
3694 17 40 13 27
3695 209 237 204 103
3696 176 13 128 126
3697 237 73 38 67
3698 126 141 86 211
3699 35 3 45 100
3700 34 9 157 219
3701 93 185 18 110
3702 226 31 137 179
3703 12 85 26 188
3704 98 155 59 79
3705 228 97 146 98
3706 238 232 53 17
3707 235 98 118 14
3708 107 19 233 201
3709 204 251 55 174
3710 27 193 97 39
3711 22 124 228 121
3712 23 31 200 251
3713 128 91 94 110
3714 67 147 128 47
3715 246 246 61 97
3716 9 38 42 213
3717 34 98 132 61
3718 35 229 100 57
3719 97 72 178 120
3720 103 123 116 231
3721 214 210 86 25
3722 101 214 72 91
3723 204 133 189 213
3724 172 231 170 206
3725 73 46 11 108
3726 20 111 166 117
3727 184 88 238 31
3728 211 98 7 169
3729 52 93 195 153
3730 51 11 245 255
3731 145 178 212 61
3732 153 126 11 227
3733 173 22 79 193
3734 133 245 54 61
3735 78 36 93 33
3736 134 100 203 186
3737 193 142 84 244
3738 153 73 243 42
3739 251 199 103 148
3740 69 114 119 242
3741 136 199 179 14
3742 188 234 75 10
3743 14 168 44 149
3744 12 247 79 205
3745 133 163 193 30
3746 236 180 73 231
3747 123 176 124 193
3748 35 243 179 171
3749 186 103 185 119
3750 81 5 129 95
3751 173 173 244 186
3752 164 68 135 41
3753 231 73 72 212
3754 253 145 187 121
3755 65 55 58 100
3756 43 237 16 229
3757 84 201 92 165
3758 206 222 5 124
3759 139 249 54 48
3760 61 189 89 37
3761 6 161 249 4
3762 50 180 125 116
3763 236 183 216 23
3764 164 232 252 249
3765 178 89 158 128
3766 55 163 252 194
3767 157 50 242 218
3768 240 76 255 246
3769 237 248 250 32
3770 173 119 148 153
3771 46 108 176 211
3772 85 172 204 7
3773 5 106 135 60
3774 14 132 255 171
3775 182 241 133 166
3776 61 133 157 43
3777 125 151 75 42
3778 15 223 195 61
3779 75 115 16 160
3780 32 220 167 37
3781 71 47 98 85
3782 179 97 0 105
3783 82 133 16 144
3784 10 173 187 136
3785 68 6 178 83
3786 229 118 145 48
3787 233 161 209 9
3788 126 120 47 197
3789 167 145 26 90
3790 242 26 196 68
3791 159 212 212 170
3792 129 143 50 197
3793 149 228 25 122
3794 90 170 171 68
3795 75 124 77 201
3796 244 124 142 156
3797 13 168 246 255
3798 194 186 68 98
3799 142 24 12 15
3800 168 62 213 61
3801 34 238 184 125
3802 152 99 193 227
3803 223 14 173 211
3804 139 59 111 152
3805 228 102 152 166
3806 32 220 8 175
3807 244 20 190 156
3808 82 147 218 117
3809 129 146 242 25
3810 245 179 253 212
3811 193 170 167 76
3812 229 23 229 201
3813 125 125 112 157
3814 89 120 76 77
3815 141 11 234 223
3816 158 196 84 32
3817 86 70 57 75
3818 249 54 31 187
3819 224 198 7 198
3820 221 236 143 90
3821 105 255 248 194
3822 120 68 16 5
3823 79 250 228 238
3824 190 57 14 20
3825 127 71 95 121
3826 126 126 52 94
3827 68 59 36 34
3828 40 180 124 145
3829 179 116 84 43
3830 185 100 48 8
3831 94 21 246 28
3832 78 4 48 205
3833 76 143 70 202
3834 13 122 40 81
3835 182 77 115 222
3836 1 240 111 180
3837 100 195 224 29
3838 39 16 38 133
3839 37 28 161 115
3840 33 209 65 109
3841 96 135 55 109
3842 2 95 191 184
3843 172 50 150 173
3844 34 5 98 135
3845 201 66 164 240
3846 82 202 118 120
3847 231 23 235 8
3848 233 44 117 73
3849 180 172 183 182
3850 11 118 110 184
3851 168 4 101 203
3852 9 199 82 210
3853 9 246 195 92
3854 193 57 212 168
3855 80 191 176 57
3856 236 37 131 160
3857 209 58 86 220
3858 176 196 148 88
3859 200 250 35 209
3860 193 117 164 203
3861 108 103 39 45
3862 160 251 213 240
3863 186 133 42 166
3864 170 173 70 123
3865 231 156 87 151
3866 96 236 239 40
3867 230 19 250 167
3868 136 158 114 244
3869 5 153 33 165
3870 148 246 149 79
3871 123 191 245 37
3872 108 60 160 83
3873 216 248 234 57
3874 228 218 97 202
3875 237 91 113 117
3876 249 228 106 254
3877 125 139 163 18
3878 130 57 97 253
3879 248 86 35 101
3880 146 195 184 107
3881 187 163 164 159
3882 125 5 105 106
3883 97 219 223 90
3884 191 73 89 60
3885 213 252 78 87
3886 53 175 84 46
3887 6 119 147 152
3888 59 75 3 246
3889 238 167 150 107
3890 173 255 213 14
3891 218 181 104 153
3892 254 193 214 211
3893 190 36 42 243
3894 212 127 33 218
3895 246 180 114 49
3896 0 118 40 238
3897 29 190 90 202
3898 189 47 216 152
3899 228 65 49 227
3900 2 7 182 192
3901 44 225 180 0
3902 96 213 218 86
3903 138 76 136 138
3904 194 176 120 224
3905 110 210 170 43
3906 2 131 195 230
3907 196 245 201 198
3908 252 128 135 40
3909 97 59 40 193
3910 16 2 23 154
3911 79 159 36 17
3912 79 157 241 189
3913 111 156 233 113
3914 31 172 88 227
3915 161 33 169 158
3916 161 48 198 2
3917 107 239 195 124
3918 241 219 22 64
3919 122 59 82 202
3920 216 67 135 71
3921 223 112 185 254
3922 29 17 225 190
3923 50 139 92 212
3924 187 35 214 39
3925 18 154 163 3
3926 117 185 68 239
3927 244 150 185 204
3928 217 65 20 185
3929 177 205 183 206
3930 222 153 141 16
3931 36 233 228 223
3932 12 187 6 30
3933 85 169 34 202
3934 99 102 185 87
3935 252 115 36 213
3936 180 56 142 101
3937 5 70 52 227
3938 223 193 243 3
3939 170 216 226 183
3940 147 233 213 232
3941 146 247 178 245
3942 93 107 77 89
3943 222 113 47 146
3944 169 189 248 174
3945 3 44 145 226
3946 237 132 229 151
3947 92 200 78 239
3948 177 36 215 67
3949 27 137 57 121
3950 245 134 210 211
3951 247 1 102 160
3952 191 94 78 194
3953 138 223 165 119
3954 99 138 14 192
3955 82 93 175 3
3956 129 135 71 156
3957 16 128 21 5
3958 6 232 217 253
3959 233 63 157 168
3960 157 235 107 39
3961 202 16 158 45
3962 154 172 237 237
3963 9 157 240 138
3964 36 55 39 52
3965 183 60 58 189
3966 36 19 186 14
3967 82 87 182 239
3968 66 33 22 12
3969 49 180 58 204
3970 96 39 185 106
3971 196 169 244 232
3972 225 27 29 152
3973 88 87 86 124
3974 106 16 138 188
3975 104 65 171 170
3976 98 193 183 148
3977 117 241 96 213
3978 24 25 63 221
3979 194 52 197 163
3980 79 226 60 167
3981 57 146 36 163
3982 162 174 95 10
3983 239 10 181 82
3984 203 108 230 64
3985 93 70 22 117
3986 95 85 82 33
3987 137 24 197 217
3988 250 1 128 52
3989 147 164 215 53
3990 83 55 64 66
3991 65 245 148 13
3992 97 122 77 190
3993 192 99 51 31
3994 185 134 65 66
3995 158 6 27 152
3996 7 156 204 154
3997 64 164 207 147
3998 219 15 214 28
3999 4 106 41 101
4000 229 119 35 165
4001 218 87 197 147
4002 221 6 214 123
4003 12 241 19 19
4004 141 224 173 206
4005 132 124 97 95
4006 140 55 123 144
4007 162 165 246 135
4008 28 25 44 246
4009 112 241 138 77
4010 247 96 200 3
4011 81 220 22 223
4012 188 195 173 64
4013 64 14 159 204
4014 70 26 92 232
4015 191 82 111 219
4016 108 155 210 220
4017 141 92 42 132
4018 188 242 136 13
4019 206 158 236 138
4020 98 153 202 162
4021 168 105 110 238
4022 132 202 214 67
4023 29 69 31 137
4024 224 241 101 109
4025 77 143 242 9
4026 130 122 22 80
4027 24 3 219 122
4028 156 165 28 68
4029 15 138 50 147
4030 85 8 214 114
4031 77 245 251 46
4032 230 96 155 51
4033 240 141 60 114
4034 7 83 194 32
4035 86 157 154 242
4036 67 183 55 82
4037 65 105 229 150
4038 114 187 8 191
4039 177 3 237 151
4040 100 137 203 84
4041 22 7 198 30
4042 90 136 62 176
4043 38 216 163 105
4044 143 218 187 209
4045 67 160 103 181
4046 91 112 117 12
4047 115 98 164 215
4048 235 111 43 2
4049 118 241 32 209
4050 122 94 129 160
4051 54 36 9 198
4052 254 196 151 66
4053 100 254 247 191
4054 110 108 204 226
4055 207 112 185 186
4056 223 229 188 85
4057 214 220 38 80
4058 58 168 240 113
4059 204 249 55 203
4060 189 206 13 33
4061 204 4 225 59
4062 113 173 29 64
4063 29 214 250 252
4064 187 183 81 146
4065 147 120 226 206
4066 32 211 63 236
4067 204 118 183 138
4068 68 196 171 16
4069 201 140 75 58
4070 57 104 122 86
4071 63 116 82 250
4072 43 164 140 191
4073 28 111 141 60
4074 66 204 40 14
4075 66 224 152 134
4076 164 68 150 109
4077 208 226 167 10
4078 74 33 96 137
4079 150 179 132 193
4080 87 16 128 115
4081 127 13 175 193
4082 217 215 208 27
4083 183 104 161 92
4084 172 56 201 125
4085 26 113 135 100
4086 146 231 238 40
4087 154 114 234 241
4088 130 106 100 2
4089 120 19 195 81
4090 235 147 109 162
4091 252 14 254 168
4092 70 200 37 96
4093 57 172 197 203
4094 148 179 244 46
4095 37 222 32 167
